-2651.0 1.2209828620011601e-05
-2647.4416261292563 1.3344008890605899e-05
-2643.883252258513 1.512069785702503e-05
-2640.3248783877693 1.5184583104521088e-05
-2636.7665045170256 1.612472879922445e-05
-2633.208130646282 1.6462779223781304e-05
-2629.6497567755387 1.742835625385141e-05
-2626.091382904795 1.7907681627471575e-05
-2622.5330090340512 1.879439562830378e-05
-2618.974635163308 1.9719472702584617e-05
-2615.4162612925643 2.1350719326764214e-05
-2611.8578874218206 2.1940280452064072e-05
-2608.2995135510773 2.2939322736794285e-05
-2604.7411396803336 2.4693549497621656e-05
-2601.18276580959 2.486865082874353e-05
-2597.624391938846 2.6927439707311494e-05
-2594.066018068103 2.7291763318308094e-05
-2590.5076441973592 2.9761404684765948e-05
-2586.9492703266155 3.05164249080691e-05
-2583.3908964558723 3.114525760854062e-05
-2579.8325225851286 3.4234074853382307e-05
-2576.274148714385 3.5161832756469045e-05
-2572.7157748436416 3.6643585988642993e-05
-2569.157400972898 3.815453000033474e-05
-2565.599027102154 4.042383011483661e-05
-2562.0406532314105 4.079555350434085e-05
-2558.4822793606672 4.222160634520453e-05
-2554.9239054899235 4.458006653168946e-05
-2551.36553161918 4.591434696309812e-05
-2547.8071577484366 4.893495312470541e-05
-2544.248783877693 5.1407048712366414e-05
-2540.690410006949 5.213013485465638e-05
-2537.132036136206 5.540630165941282e-05
-2533.573662265462 5.716204605785281e-05
-2530.0152883947185 6.078205694706478e-05
-2526.456914523975 6.246370304077508e-05
-2522.8985406532315 6.510092527893474e-05
-2519.340166782488 6.844930977640781e-05
-2515.781792911744 7.186444803381575e-05
-2512.223419041001 7.429525280738361e-05
-2508.665045170257 7.764396470364233e-05
-2505.1066712995134 8.175601817117474e-05
-2501.54829742877 8.427347458603997e-05
-2497.9899235580265 8.85516814352762e-05
-2494.4315496872828 9.161777807285212e-05
-2490.873175816539 9.612630395580743e-05
-2487.314801945796 0.00010184745960703361
-2483.756428075052 0.00010604212628070897
-2480.1980542043084 0.00010987808202113556
-2476.639680333565 0.00011554402970132028
-2473.0813064628214 0.00012045990227064696
-2469.5229325920777 0.0001251297451211177
-2465.9645587213345 0.00013098088505732473
-2462.4061848505908 0.00013642434879720881
-2458.847810979847 0.00014374442862426592
-2455.2894371091033 0.00014907597333861067
-2451.73106323836 0.0001566691394611981
-2448.1726893676164 0.00016423543983174892
-2444.6143154968727 0.0001715460622966995
-2441.0559416261294 0.00017916754408800096
-2437.4975677553857 0.00018783993907692256
-2433.939193884642 0.00019622768170482016
-2430.3808200138983 0.00020613941231935708
-2426.822446143155 0.0002162881356822795
-2423.2640722724113 0.0002257995231579404
-2419.7056984016676 0.00023773785078038477
-2416.1473245309244 0.0002500385155481518
-2412.5889506601807 0.00026239373253428847
-2409.030576789437 0.00027587052237300043
-2405.4722029186937 0.00029000114766090305
-2401.91382904795 0.00030535199729684795
-2398.3554551772063 0.00032145119199771275
-2394.797081306463 0.00033711099833659726
-2391.2387074357193 0.0003541993863821646
-2387.6803335649756 0.0003735440725052019
-2384.121959694232 0.0003936979137571159
-2380.5635858234887 0.00041539758239253466
-2377.005211952745 0.00043905845288672707
-2373.4468380820012 0.0004623077684355443
-2369.888464211258 0.0004895825320826081
-2366.3300903405143 0.0005169727982783201
-2362.7717164697706 0.0005471702388394815
-2359.213342599027 0.0005782644522303738
-2355.6549687282836 0.0006121002383618161
-2352.09659485754 0.0006491854553425369
-2348.538220986796 0.0006875975849103244
-2344.979847116053 0.0007292160311712332
-2341.4214732453092 0.0007731560340082494
-2337.8630993745655 0.000821277444385125
-2334.3047255038223 0.0008733732033537583
-2330.7463516330786 0.0009276397092568245
-2327.187977762335 0.0009874887957805904
-2323.6296038915916 0.0010515990593673624
-2320.071230020848 0.0011204642770218994
-2316.512856150104 0.0011965501316487475
-2312.9544822793605 0.0012770830360867421
-2309.3961084086172 0.0013643890640986922
-2305.8377345378735 0.0014585945844984667
-2302.27936066713 0.0015596210919145183
-2298.7209867963866 0.0016716722141753254
-2295.162612925643 0.0017922271207920597
-2291.604239054899 0.0019230973886221463
-2288.0458651841554 0.0020660708790608356
-2284.487491313412 0.002221627061025329
-2280.9291174426685 0.002391235519654326
-2277.370743571925 0.002576510903478487
-2273.8123697011815 0.002778883497577889
-2270.253995830438 0.00299937760979401
-2266.695621959694 0.003241392361171976
-2263.137248088951 0.0035087833996284078
-2259.578874218207 0.0038005841642207144
-2256.0205003474634 0.004123643434773128
-2252.46212647672 0.004480100012059437
-2248.9037526059765 0.004871245282525713
-2245.3453787352328 0.005303559042398005
-2241.787004864489 0.0057839794345758
-2238.228630993746 0.006313833412080357
-2234.670257123002 0.0069019961726746945
-2231.1118832522584 0.007556817610575961
-2227.553509381515 0.008286166002962366
-2223.9951355107714 0.009096848509516612
-2220.4367616400277 0.010004015843408825
-2216.878387769284 0.011017744898480585
-2213.3200138985408 0.012150524349264414
-2209.761640027797 0.013422896176520765
-2206.2032661570533 0.014852090699214391
-2202.64489228631 0.016459649437587442
-2199.0865184155664 0.018267525703756816
-2195.5281445448227 0.020311104086213727
-2191.969770674079 0.02262097339714645
-2188.4113968033357 0.025230685598039874
-2184.853022932592 0.02818690755879289
-2181.2946490618488 0.03154731864093756
-2177.736275191105 0.035360588352387444
-2174.1779013203613 0.039695350430416616
-2170.6195274496176 0.044633517957507106
-2167.0611535788744 0.05025997238831727
-2163.5027797081307 0.05665999849647098
-2159.944405837387 0.06398173493599442
-2156.3860319666437 0.07230983923948703
-2152.8276580959 0.08179369612920993
-2149.2692842251563 0.09260237022871182
-2145.7109103544126 0.1048232358803606
-2142.1525364836693 0.11862156659822357
-2138.5941626129256 0.13402558953261848
-2135.035788742182 0.15093080914033885
-2131.4774148714387 0.16899143929838695
-2127.919041000695 0.18714566156031875
-2124.3606671299513 0.20345116053894266
-2120.8022932592075 0.2141731213504865
-2117.2439193884643 0.21368376816893317
-2113.6855455177206 0.1957162240717284
-2110.1271716469773 0.1563123955150231
-2106.5687977762336 0.09682191286603703
-2103.01042390549 0.0225241579793301
-2099.452050034746 -0.06023516524679358
-2095.8936761640025 -0.1459744919321597
-2092.3353022932592 -0.2295055457303492
-2088.7769284225155 -0.3059151484070129
-2085.2185545517723 -0.37229621650105
-2081.6601806810286 -0.4304413597085714
-2078.101806810285 -0.48501258303915273
-2074.543432939541 -0.5378067820195062
-2070.985059068798 -0.5828153005040518
-2067.426685198054 -0.6088384627965463
-2063.8683113273105 -0.6094109626556664
-2060.3099374565672 -0.5848264074689038
-2056.7515635858235 -0.5418256677579261
-2053.19318971508 -0.4916749540285143
-2049.634815844336 -0.4406735084431826
-2046.0764419735929 -0.3867223989388266
-2042.5180681028492 -0.3252109624543477
-2038.9596942321057 -0.25465806305343724
-2035.4013203613622 -0.179115480536793
-2031.8429464906185 -0.10492362278390076
-2028.2845726198748 -0.03933825250774198
-2024.7261987491313 0.010006062134680156
-2021.1678248783878 0.03759475720645246
-2017.609451007644 0.04235422539829508
-2014.0510771369006 0.029627762372410504
-2010.4927032661572 0.008627709141278507
-2006.9343293954134 -0.009276342921815213
-2003.37595552467 -0.010634479800886389
-1999.8175816539265 0.018584534101622658
-1996.2592077831828 0.0879364845789833
-1992.700833912439 0.1975426413595713
-1989.1424600416956 0.3425252244643297
-1985.584086170952 0.5182125241987159
-1982.0257123002084 0.7127037321693046
-1978.467338429465 0.8964092026137238
-1974.9089645587214 1.0284733649134512
-1971.3505906879777 1.0911311687090548
-1967.7922168172342 1.1008679125833947
-1964.2338429464908 1.0643343438759234
-1960.675469075747 0.9670451311820963
-1957.1170952050034 0.8095674585436745
-1953.5587213342599 0.6280660134633743
-1950.0003474635164 0.45523268552776697
-1946.4419735927727 0.30187326838628376
-1942.8835997220292 0.16642466976818326
-1939.3252258512857 0.041447341961801894
-1935.766851980542 -0.08108625480483282
-1932.2084781097983 -0.20822339255750752
-1928.650104239055 -0.3477558854517567
-1925.0917303683113 -0.5065066480667414
-1921.5333564975676 -0.685507820519939
-1917.9749826268242 -0.872166885348567
-1914.4166087560807 -1.0325107547331114
-1910.858234885337 -1.1309228751733613
-1907.2998610145935 -1.1664606060013294
-1903.74148714385 -1.1547843246591838
-1900.1831132731063 -1.0896539719270093
-1896.6247394023626 -0.9567460914817157
-1893.0663655316193 -0.7760845560730586
-1889.5079916608756 -0.5882407133535063
-1885.949617790132 -0.41742298359190033
-1882.3912439193884 -0.26726520876171544
-1878.832870048645 -0.13221430080672472
-1875.2744961779013 -0.004309536772984117
-1871.7161223071578 0.1241628274820973
-1868.1577484364143 0.26046057403446665
-1864.5993745656706 0.4103511113047736
-1861.0410006949269 0.5773896798793374
-1857.4826268241836 0.7588013161429178
-1853.92425295344 0.9319455604972868
-1850.3658790826962 1.060151278749244
-1846.8075052119527 1.1243452930302626
-1843.2491313412092 1.1374022923770686
-1839.6907574704655 1.1077047303942142
-1836.132383599722 1.0216314195276532
-1832.5740097289786 0.8752575768035188
-1829.0156358582349 0.6980161738120472
-1825.4572619874912 0.5246326824283782
-1821.898888116748 0.36902283742796466
-1818.3405142460042 0.23024759547664864
-1814.7821403752605 0.10362563885691899
-1811.223766504517 -0.017233274724686082
-1807.6653926337735 -0.13886311455145978
-1804.1070187630298 -0.26874031999773096
-1800.5486448922863 -0.41413831116212035
-1796.9902710215429 -0.5777731461388794
-1793.4318971507992 -0.7506699267021442
-1789.8735232800555 -0.9040990114142872
-1786.315149409312 -1.0034942739244592
-1782.7567755385685 -1.04313432895873
-1779.1984016678248 -1.0382216877806623
-1775.6400277970813 -0.986394186868511
-1772.0816539263378 -0.8734109011289122
-1768.5232800555941 -0.7120013638245902
-1764.9649061848506 -0.5402484178709386
-1761.4065323141072 -0.3843591468694753
-1757.8481584433634 -0.24923952512933317
-1754.2897845726197 -0.12957103957789437
-1750.7314107018763 -0.01849490519661055
-1747.1730368311328 0.09172782846799725
-1743.614662960389 0.20805458791386028
-1740.0562890896456 0.33732824801945865
-1736.497915218902 0.4863724892545104
-1732.9395413481584 0.6541211631719293
-1729.381167477415 0.8231532049921718
-1725.8227936066714 0.957217501781273
-1722.2644197359277 1.0296465424068395
-1718.706045865184 1.0489262668141255
-1715.1476719944405 1.0256986758015922
-1711.589298123697 0.9484956965833106
-1708.0309242529534 0.8104336230865286
-1704.4725503822099 0.6386568558660315
-1700.9141765114664 0.46893827739554866
-1697.3558026407227 0.3169650639106923
-1693.7974287699792 0.18311764053877952
-1690.2390548992357 0.06110622846685994
-1686.680681028492 -0.05632947066071295
-1683.1223071577483 -0.17662086909339206
-1679.5639332870048 -0.3072685237961105
-1676.0055594162613 -0.45501096738228997
-1672.4471855455176 -0.6242447425026114
-1668.8888116747742 -0.8069991266643503
-1665.3304378040307 -0.976031009030367
-1661.772063933287 -1.091923867666438
-1658.2136900625433 -1.1421559239508952
-1654.6553161918 -1.1427633951071798
-1651.0969423210563 -1.0943642863537912
-1647.5385684503126 -0.9810211187745217
-1643.9801945795691 -0.8104695729685254
-1640.4218207088256 -0.622270985467067
-1636.863446838082 -0.44723528167967624
-1633.3050729673384 -0.2929926105441366
-1629.746699096595 -0.1566114475796133
-1626.1883252258513 -0.030125535519570472
-1622.6299513551078 0.09382507337623539
-1619.071577484364 0.22302319177518182
-1615.5132036136206 0.3653905220422493
-1611.954829742877 0.5269976110102529
-1608.3964558721334 0.7077855463656926
-1604.83808200139 0.8927455753425223
-1601.2797081306462 1.044484717919387
-1597.7213342599027 1.13088443767054
-1594.1629603891593 1.1576384347340833
-1590.6045865184155 1.138281302912099
-1587.046212647672 1.0630786779429766
-1583.4878387769284 0.9207034965965668
-1579.9294649061849 0.7370695500947501
-1576.3710910354412 0.5528202783623837
-1572.8127171646977 0.38718645866980145
-1569.2543432939542 0.24227855350131228
-1565.6959694232105 0.11188197614145635
-1562.137595552467 -0.011925393011542846
-1558.5792216817233 -0.1364901728931918
-1555.0208478109798 -0.27023710877889245
-1551.4624739402364 -0.4205031048904258
-1547.9041000694926 -0.591402286074089
-1544.3457261987492 -0.7778777611584353
-1540.7873523280055 -0.9547224099733388
-1537.228978457262 -1.080055683183094
-1533.6706045865185 -1.1385221023260716
-1530.1122307157748 -1.1450097565879402
-1526.5538568450313 -1.1040270308130902
-1522.9954829742876 -1.000349124744405
-1519.4371091035441 -0.8372066464960213
-1515.8787352328006 -0.6524702282191616
-1512.320361362057 -0.4790851401498331
-1508.7619874913134 -0.32734373015794294
-1505.2036136205697 -0.19388362441768653
-1501.6452397498263 -0.07213261855063718
-1498.0868658790828 0.04541548040318538
-1494.528492008339 0.16579684422504334
-1490.9701181375956 0.29684970557042567
-1487.4117442668519 0.44437699426157956
-1483.8533703961084 0.6096574600535037
-1480.294996525365 0.7810270722186731
-1476.7366226546212 0.926678088957582
-1473.1782487838777 1.0145073080957174
-1469.619874913134 1.0453189229731816
-1466.0615010423905 1.0329896332949655
-1462.503127171647 0.9713130874054547
-1458.9447533009034 0.8477147953789504
-1455.3863794301599 0.6815423944724119
-1451.8280055594162 0.5111790582643857
-1448.2696316886727 0.35829515066157874
-1444.7112578179292 0.22539085505016182
-1441.1528839471855 0.10720777877891721
-1437.594510076442 -0.00377902437491516
-1434.0361362056983 -0.11483877531444014
-1430.4777623349548 -0.23316787310026074
-1426.9193884642114 -0.3660546697472255
-1423.3610145934676 -0.5185770441940739
-1419.8026407227242 -0.6887943052334068
-1416.2442668519805 -0.8547880895320602
-1412.685892981237 -0.9785440437580553
-1409.1275191104935 -1.0400829241926182
-1405.5691452397498 -1.0513500082079668
-1402.0107713690063 -1.019288239458602
-1398.4523974982626 -0.930374857246832
-1394.8940236275191 -0.7834292891261031
-1391.3356497567756 -0.6104922555931328
-1387.777275886032 -0.4443702370537817
-1384.2189020152884 -0.2965326601746298
-1380.6605281445447 -0.1653231448647494
-1377.1021542738013 -0.04429692862873555
-1373.5437804030578 0.07367785551395592
-1369.985406532314 0.1960396480445274
-1366.4270326615706 0.33048992296361007
-1362.8686587908269 0.48321263948786486
-1359.3102849200834 0.6572254638402693
-1355.75191104934 0.8424314110592142
-1352.1935371785962 1.006090760355198
-1348.6351633078527 1.1111313743430804
-1345.076789437109 1.1521770097173243
-1341.5184155663655 1.1452891331866015
-1337.960041695622 1.086963415321376
-1334.4016678248784 0.961868835435274
-1330.8432939541349 0.7847641609117927
-1327.2849200833912 0.5970474484039576
-1323.7265462126477 0.42543307746464654
-1320.1681723419042 0.2749265353178998
-1316.6097984711605 0.14092811626307605
-1313.051424600417 0.015584771702435704
-1309.4930507296733 -0.10886972913656835
-1305.9346768589298 -0.24077196775687554
-1302.3763029881864 -0.38720660783844285
-1298.8179291174426 -0.5545732270361655
-1295.2595552466992 -0.7415665510799545
-1291.7011813759555 -0.9274942207651464
-1288.142807505212 -1.072755469486576
-1284.5844336344685 -1.1498104442618278
-1281.0260597637248 -1.1691319667652946
-1277.4676858929813 -1.1415469379902803
-1273.9093120222376 -1.0538582936078036
-1270.3509381514941 -0.8993798402709428
-1266.7925642807504 -0.7104805964740617
-1263.234190410007 -0.5257934169014067
-1259.6758165392635 -0.362359643676492
-1256.1174426685197 -0.21940808314436464
-1252.5590687977763 -0.09016401353133731
-1249.0006949270326 0.03352495285543537
-1245.442321056289 0.15949526570799885
-1241.8839471855456 0.2955741072648773
-1238.3255733148019 0.44911135984184125
-1234.7671994440584 0.6239163668036359
-1231.2088255733147 0.8113129008653821
-1227.6504517025712 0.9820026830815408
-1224.0920778318277 1.096666409793046
-1220.533703961084 1.1451111016753435
-1216.9753300903405 1.1442740296959382
-1213.4169562195968 1.0941303065831323
-1209.8585823488534 0.979482988636207
-1206.3002084781099 0.8088631577701907
-1202.7418346073662 0.6240861780477924
-1199.1834607366227 0.4533591778441962
-1195.625086865879 0.30320163179703974
-1192.0667129951355 0.1718289638885765
-1188.508339124392 0.051347199640762585
-1184.9499652536483 -0.06659628422908885
-1181.3915913829048 -0.1882768137545702
-1177.8332175121611 -0.32099536598110784
-1174.2748436414176 -0.4713443083620782
-1170.7164697706742 -0.6396361851819907
-1167.1580958999305 -0.8094473167736185
-1163.599722029187 -0.9468242486539844
-1160.0413481584433 -1.0242263641543763
-1156.4829742876998 -1.0471486267983414
-1152.9246004169563 -1.0276958646673107
-1149.3662265462126 -0.956508362383249
-1145.8078526754691 -0.8233088707072932
-1142.2494788047254 -0.6536105165085684
-1138.691104933982 -0.4861056298828729
-1135.1327310632385 -0.33662897260472247
-1131.5743571924947 -0.20656467522048727
-1128.0159833217513 -0.09044344240156842
-1124.4576094510076 0.019666307420481654
-1120.899235580264 0.13145320162558752
-1117.3408617095206 0.2516557615683216
-1113.782487838777 0.3869768975159864
-1110.2241139680334 0.542716902594548
-1106.6657400972897 0.7143536850585734
-1103.1073662265462 0.8759975893342712
-1099.5489923558027 0.9894050301732554
-1095.990618485059 1.0412513363016038
-1092.4322446143156 1.045744411393175
-1088.8738707435718 1.0058208603797778
-1085.3154968728284 0.9069767764992362
-1081.7571230020849 0.7526676548989796
-1078.1987491313412 0.578703387817717
-1074.6403752605977 0.4151043698276021
-1071.082001389854 0.2702392763642364
-1067.5236275191105 0.14086218720474578
-1063.965253648367 0.02075858068869967
-1060.4068797776233 -0.09738511706612046
-1056.8485059068798 -0.22154551628702954
-1053.2901320361361 -0.35926106851554157
-1049.7317581653926 -0.5162860428551208
-1046.1733842946492 -0.6940643570709611
-1042.6150104239055 -0.8794460927074986
-1039.056636553162 -1.0362260614727403
-1035.4982626824183 -1.129632008313553
-1031.9398888116748 -1.1612865882329388
-1028.3815149409313 -1.1460908122897557
-1024.8231410701876 -1.0759586276064161
-1021.2647671994441 -0.9374769821097064
-1017.7063933287004 -0.754320366080457
-1014.1480194579569 -0.5669288934805049
-1010.5896455872135 -0.3968249737347377
-1007.0312717164697 -0.24850529148082304
-1003.4728978457263 -0.11605491068814489
-999.9145239749826 0.009806438092424678
-996.3561501042391 0.13617588279229423
-992.7977762334956 0.2701074055114045
-989.2394023627519 0.4202618143632252
-985.6810284920084 0.5928240678598229
-982.1226546212647 0.7820021760737206
-978.5642807505212 0.9644367784761405
-975.0059068797775 1.0995969849477596
-971.447533009034 1.1653774232448126
-967.8891591382906 1.1762577403116263
-964.3307852675468 1.1394061146215917
-960.7724113968034 1.0387761175387942
-957.2140375260597 0.8741648550888331
-953.6556636553162 0.6828473810178608
-950.0972897845727 0.49996991695759957
-946.538915913829 0.3393779044505697
-942.9805420430855 0.19933571876080558
-939.4221681723418 0.07085042519854953
-935.8637943015983 -0.0531600156859948
-932.3054204308548 -0.18000584910912165
-928.7470465601111 -0.31863399347695687
-925.1886726893676 -0.47579693279336416
-921.6302988186239 -0.6531284087041268
-918.0719249478805 -0.8390545169092659
-914.513551077137 -1.001781414562008
-910.9551772063933 -1.1035220873876237
-907.3968033356498 -1.14176374561153
-903.8384294649061 -1.1331642345931423
-900.2800555941626 -1.073125600082169
-896.7216817234191 -0.9469687918879908
-893.1633078526754 -0.7719759071782147
-889.6049339819319 -0.5888434195329246
-886.0465601111882 -0.4220526741038863
-882.4881862404447 -0.2766267791266359
-878.9298123697013 -0.14839463365402258
-875.3714384989576 -0.029751000165552908
-871.8130646282141 0.0875350334759346
-868.2546907574704 0.21037732423878802
-864.6963168867269 0.3449594059134158
-861.1379430159834 0.4977081407837901
-857.5795691452397 0.6669063430477469
-854.0211952744962 0.8328475880969488
-850.4628214037525 0.9604573042696157
-846.904447533009 1.0269614510323635
-843.3460736622656 1.0420050242680556
-839.7876997915218 1.0145339909962305
-836.2293259207784 0.9321585253525606
-832.6709520500347 0.7904009116023977
-829.1125781792912 0.6197326089735119
-825.5542043085477 0.4552462909935262
-821.995830437804 0.3107152710969232
-818.4374565670605 0.18438032295716006
-814.8790826963168 0.06994434431026231
-811.3207088255733 -0.03966391116672485
-807.7623349548298 -0.15177281914300866
-804.2039610840861 -0.27375025597232927
-800.6455872133427 -0.41225481158504945
-797.087213342599 -0.571102247785215
-793.5288394718555 -0.7420058979972324
-789.970465601112 -0.8975709326142621
-786.4120917303683 -1.0010804575425296
-782.8537178596248 -1.043901286427325
-779.2953439888811 -1.0412579230317305
-775.7369701181376 -0.9919329184204526
-772.1785962473941 -0.8817409857388632
-768.6202223766504 -0.7227653645530794
-765.0618485059069 -0.5510291124735625
-761.5034746351632 -0.3915328211746247
-757.9451007644197 -0.2507726385625199
-754.3867268936763 -0.12484491179072585
-750.8283530229326 -0.006180985119856581
-747.2699791521891 0.11253633031198394
-743.7116052814454 0.23815604302231153
-740.1532314107019 0.37841634043167593
-736.5948575399584 0.5401103596700695
-733.0364836692147 0.7218331267918983
-729.4781097984712 0.9053436871714109
-725.9197359277275 1.0528933393224917
-722.361362056984 1.133913885341689
-718.8029881862406 1.1565956234425612
-715.2446143154968 1.1333329939889714
-711.6862404447534 1.0522662908296063
-708.1278665740097 0.9043824245206548
-704.5694927032662 0.7179244342119142
-701.0111188325227 0.5320404980486451
-697.452744961779 0.36677248859131084
-693.8943710910355 0.22206807664947084
-690.3359972202918 0.09084766746977155
-686.7776233495483 -0.03443859337932505
-683.2192494788048 -0.16067927680215363
-679.6608756080611 -0.2967195438392049
-676.1025017373177 -0.4507009893003997
-672.544127866574 -0.6253080223980342
-668.9857539958305 -0.8124675244986514
-665.4273801250868 -0.986766466765701
-661.8690062543433 -1.1058234081958929
-658.3106323835998 -1.1577284460461845
-654.7522585128561 -1.159943103309879
-651.1938846421126 -1.1136379121582411
-647.6355107713689 -1.0034732631366174
-644.0771369006254 -0.8362065049757259
-640.5187630298819 -0.647571516685445
-636.9603891591382 -0.4702505212342759
-633.4020152883948 -0.3144282882555063
-629.843641417651 -0.1750345905359414
-626.2852675469076 -0.04572193276972389
-622.7268936761641 0.08018498677623065
-619.1685198054204 0.20995909002586768
-615.6101459346769 0.35248358423756115
-612.0517720639332 0.5138003944564596
-608.4933981931897 0.6936580384529054
-604.9350243224462 0.8771368374760738
-601.3766504517025 1.02915999704433
-597.8182765809588 1.1169361920670773
-594.2599027102156 1.144809209502246
-590.7015288394718 1.1267803915037373
-587.1431549687281 1.0536848828386498
-583.5847810979849 0.9145769073690958
-580.0264072272412 0.734824532351705
-576.4680333564975 0.553274588179376
-572.9096594857542 0.39080995732471213
-569.3512856150105 0.24918120585577966
-565.7929117442668 0.12233663778593012
-562.2345378735231 0.0036802241237107653
-558.6761640027798 -0.11464764474635783
-555.1177901320361 -0.23997871789613875
-551.5594162612924 -0.378588104760508
-548.0010423905492 -0.5350256192887297
-544.4426685198055 -0.7056153681220798
-540.8842946490618 -0.8668550821706563
-537.3259207783185 -0.9822180433479625
-533.7675469075748 -1.0367220457107793
-530.2091730368311 -1.0432172216597617
-526.6507991660874 -1.0061184178107152
-523.0924252953441 -0.911119643966648
-519.5340514246004 -0.7601227254736032
-515.9756775538567 -0.5879366924606508
-512.4173036831135 -0.42627436084175546
-508.85892981236975 -0.2852882022719245
-505.30055594162604 -0.1616007615326725
-501.74218207088234 -0.0480991865347135
-498.1838082001391 0.061491079124650204
-494.6254343293954 0.1755197057755917
-491.06706045865167 0.30090401192609423
-487.5086865879084 0.4436197470536205
-483.9503127171647 0.6063835848257739
-480.391938846421 0.7778599829605427
-476.83356497567775 0.9247707335713041
-473.27519110493404 1.0143497597790603
-469.71681723419033 1.0464437560238766
-466.1584433634466 1.0350770074289113
-462.60006949270337 0.9743157579508195
-459.04169562195966 0.8517057682271786
-455.48332175121595 0.6855442925118901
-451.9249478804727 0.5134649122245805
-448.366574009729 0.35700213715257073
-444.8082001389853 0.21883217001975552
-441.24982626824203 0.09402368814380112
-437.6914523974983 -0.02378909235436966
-434.1330785267546 -0.14293929951197437
-430.5747046560109 -0.2709760378490823
-427.01633078526766 -0.41411709322520707
-423.45795691452395 -0.5778554459686486
-419.89958304378024 -0.7593223990067444
-416.341209173037 -0.9366454224556449
-412.7828353022933 -1.069486297796395
-409.22446143154957 -1.1367114655930637
-405.6660875608063 -1.1497747722161997
-402.1077136900626 -1.1161103501852743
-398.5493398193189 -1.0214851576007753
-394.9909659485752 -0.8623511479382769
-391.43259207783194 -0.6732792126072283
-387.87421820708823 -0.49211094027432933
-384.3158443363445 -0.331935980605845
-380.7574704656013 -0.1904779192364682
-377.19909659485756 -0.06157422791845396
-373.64072272411386 0.06240422199899782
-370.0823488533706 0.19001902795682715
-366.5239749826269 0.3290417773275607
-362.9656011118832 0.48567938746404454
-359.4072272411395 0.663704142584964
-355.8488533703962 0.8523551814477702
-352.2904794996525 1.0194498529672067
-348.7321056289088 1.126464144290087
-345.17373175816556 1.1686685841876172
-341.61535788742185 1.1622195647309315
-338.05698401667814 1.1042248941019692
-334.4986101459349 0.9788535490346729
-330.9402362751912 0.8003618519115171
-327.3818624044475 0.6109954996531982
-323.82348853370377 0.43826156100072167
-320.2651146629605 0.2863741057093514
-316.7067407922168 0.15138589245557646
-313.1483669214731 0.02616303692379031
-309.58999305072984 -0.09818491599132041
-306.03161917998614 -0.23030120584496258
-302.47324530924243 -0.37664159685626225
-298.9148714384992 -0.5429736077328708
-295.35649756775547 -0.728894195207646
-291.79812369701176 -0.9141954878684273
-288.23974982626805 -1.0582647099600289
-284.6813759555248 -1.1349118929553121
-281.1230020847811 -1.154662962908379
-277.5646282140374 -1.128130667112067
-274.00625434329413 -1.0435783507150584
-270.4478804725504 -0.8937930859952762
-266.8895066018067 -0.7091318206345278
-263.33113273106346 -0.5294840389694768
-259.77275886031975 -0.37107525360651067
-256.21438498957605 -0.2321170804187529
-252.65601111883234 -0.1073396849112808
-249.0976372480891 0.010364499575738165
-245.53926337734538 0.12883410925058214
-241.98088950660167 0.2562304478368257
-238.42251563585842 0.3989138335196655
-234.8641417651147 0.5595807690911241
-231.305767894371 0.7317372727885095
-227.74739402362775 0.8894327793155048
-224.18902015288404 0.9950264529737471
-220.63064628214033 1.0397687592554254
-217.07227241139663 1.0389712179232449
-213.51389854065337 0.9925697369531419
-209.95552466990966 0.8862238832587428
-206.39715079916596 0.7292618266766622
-202.8387769284227 0.5573803484752502
-199.280403057679 0.39954254581546494
-195.7220291869353 0.2625862762148981
-192.16365531619158 0.14146782217249576
-188.60528144544833 0.029202317876320487
-185.04690757470462 -0.08078660672668486
-181.4885337039609 -0.1961563028246152
-177.93015983321766 -0.3243361231518003
-174.37178596247395 -0.4712036721423064
-170.81341209173024 -0.6369579412422162
-167.255038220987 -0.8068874689485088
-163.69666435024328 -0.9448240356262824
-160.13829047949957 -1.022667880362289
-156.57991660875587 -1.046098529975063
-153.0215427380126 -1.027324708987162
-149.4631688672689 -0.9568812878589772
-145.9047949965252 -0.8250328950520867
-142.34642112578194 -0.6567521594867632
-138.78804725503824 -0.4874121879733094
-135.22967338429453 -0.33451616600295436
-131.67129951355128 -0.19972461011382286
-128.11292564280757 -0.07752687380018776
-124.55455177206386 0.039953170955539026
-120.99617790132015 0.15999619801905315
-117.4378040305769 0.2896419842925623
-113.87943015983319 0.4357000846674721
-110.32105628908948 0.6037066498826402
-106.76268241834623 0.7872259905337234
-103.20430854760252 0.958876746023102
-99.64593467685881 1.0805623532240776
-96.08756080611556 1.1366611251014307
-92.52918693537185 1.1412725706929827
-88.97081306462815 1.0983617708632534
-85.41243919388444 0.9916604157184694
-81.85406532314119 0.8258523567467616
-78.29569145239748 0.6400662455645323
-74.73731758165377 0.46428376575529207
-71.17894371091052 0.3079023524285546
-67.62056984016681 0.16925768534070856
-64.0621959694231 0.04118429546873568
-60.50382209867985 -0.08599830082810317
-56.94544822793614 -0.2182547445554986
-53.38707435719243 -0.36164322934401133
-49.828700486448724 -0.5225088178245377
-46.27032661570547 -0.701860769612408
-42.71195274496176 -0.883777064126726
-39.153578874218056 -1.0338634308695496
-35.5952050034748 -1.1223113566966405
-32.036831132731095 -1.1521336248865313
-28.478457261987387 -1.1375720685855562
-24.920083391244134 -1.070862056508507
-21.361709520500426 -0.9378879235785378
-17.80333564975672 -0.7599396786601361
-14.24496177901301 -0.5770671932814431
-10.686587908269757 -0.4101941295267986
-7.12821403752605 -0.2632187182619295
-3.569840166782342 -0.1318227448014115
-0.011466296039088775 -0.00822856566765531
3.546907574704619 0.11582869930153585
7.105281445448327 0.24689003088222314
10.66365531619158 0.3921041965898164
14.222029186935288 0.5579836253709687
17.780403057678996 0.74250848784435
21.338776928422703 0.92377387835043
24.897150799165956 1.0629973734678106
28.455524669909664 1.136164874535762
32.01389854065337 1.1532946716214327
35.572272411396625 1.1240204673966352
39.13064628214033 1.0352169431257343
42.68902015288404 0.8822109423225959
46.247394023627294 0.6975476178176924
49.805767894371 0.5190721125823455
53.36414176511471 0.36151400350397805
56.92251563585842 0.22377299236354994
60.48088950660167 0.09942693596864251
64.03926337734538 -0.018720872890643735
67.59763724808909 -0.1379023096400437
71.15601111883234 -0.2662064472424708
74.71438498957605 -0.4103178794860766
78.27275886031975 -0.572817986519738
81.83113273106301 -0.7456480632377281
85.38950660180672 -0.9007687498315102
88.94788047255042 -1.002497292793745
92.50625434329413 -1.044104392274191
96.06462821403738 -1.0410382635729882
99.62300208478109 -0.9921432052099332
103.1813759555248 -0.8824220840179483
106.73974982626805 -0.7228018429669143
110.29812369701176 -0.5502738267087703
113.85649756775547 -0.39234897093007703
117.41487143849918 -0.2555470250663647
120.97324530924243 -0.1349659443597465
124.53161917998614 -0.02301616516656342
128.08999305072984 0.08749549176124559
131.6483669214731 0.20321732075945495
135.2067407922168 0.331701037154636
138.7651146629605 0.4793186091090099
142.32348853370377 0.6455713783345803
145.88186240444747 0.8137456204529852
149.44023627519118 0.9489373689772713
152.9986101459349 1.0238849796685565
156.55698401667814 1.0449537335944494
160.11535788742185 1.0234720599089073
163.67373175816556 0.9487795626953993
167.2321056289088 0.8133923496704446
170.79047949965252 0.6446942951733752
174.34885337039623 0.47646647782536233
177.90722724113948 0.3249570095536561
181.4656011118832 0.1915909798558717
185.0239749826269 0.06996705963751623
188.5823488533706 -0.0477518273087003
192.14072272411386 -0.16823520131383918
195.69909659485756 -0.2983341866805708
199.25747046560127 -0.4466000155845946
202.81584433634453 -0.6166438682695966
206.37421820708823 -0.8002038452928073
209.93259207783194 -0.971394111873304
213.4909659485752 -1.0902472620226817
217.0493398193189 -1.142808902978678
220.6077136900626 -1.145360918285026
224.16608756080632 -1.0996917848071923
227.72446143154957 -0.9892333994467708
231.28283530229328 -0.8207422814243269
234.841209173037 -0.6318808292159432
238.39958304378024 -0.4544333362653644
241.95795691452395 -0.29871213033480487
245.51633078526766 -0.1604962173806707
249.0747046560109 -0.032116919336664766
252.63307852675462 0.0939460871778982
256.1914523974983 0.2250058184724736
259.74982626824203 0.36857790192107737
263.3082001389853 0.5301142282733667
266.866574009729 0.7095103415338232
270.4249478804727 0.8925474711624024
273.98332175121595 1.0436601339091727
277.54169562195966 1.1308741003237324
281.10006949270337 1.1591883903811486
284.6584433634466 1.1424974345783363
288.21681723419033 1.0718127332745107
291.77519110493404 0.9356703745612605
295.33356497567775 0.7552052840442813
298.891938846421 0.5695215457699413
302.4503127171647 0.4020263935307438
306.0086865879084 0.25455754137244946
309.56706045865167 0.12079405737103968
313.1254343293954 -0.0051970873950040256
316.6838082001391 -0.13078649066163292
320.24218207088234 -0.2639643773238247
323.80055594162604 -0.4127800688893884
327.35892981236975 -0.5817526407868837
330.91730368311346 -0.7658574803889316
334.4756775538567 -0.9413143227484774
338.0340514246004 -1.0685470312977923
341.5924252953441 -1.1293939900970626
345.1507991660874 -1.1379872253929515
348.7091730368311 -1.0998367533815212
352.2675469075748 -0.999884722407508
355.82592077831805 -0.8402087815625954
359.38429464906176 -0.6566828000241391
362.94266851980547 -0.48267870364744997
366.5010423905492 -0.3300717249936085
370.0594162612924 -0.1963309051490508
373.61779013203613 -0.07460887102076333
377.17616400277984 0.04229399552692022
380.7345378735231 0.16193991374898398
384.2929117442668 0.29152796878535264
387.8512856150105 0.43744533249558243
391.4096594857542 0.6013392259911328
394.9680333564975 0.7725087260168879
398.5264072272412 0.9199556719114549
402.0847810979849 1.0106255317781636
405.64315496872814 1.0436103952241795
409.20152883947185 1.0332138440349323
412.75990271021556 0.9740721232127911
416.3182765809588 0.8534577315850185
419.8766504517025 0.6889767059447087
423.4350243224462 0.5186163138964518
426.99339819318993 0.3653375495521522
430.5517720639332 0.23228121137327268
434.1101459346769 0.11373487914085181
437.6685198054206 0.002440307929810018
441.22689367616385 -0.10845402280380102
444.78526754690756 -0.22655909772253274
448.34364141765127 -0.35909169584739303
451.9020152883945 -0.5115244356628306
455.46038915913823 -0.6811084851920679
459.01876302988194 -0.8479042533511981
462.57713690062565 -0.9740105109127617
466.1355107713689 -1.0377903802737056
469.6938846421126 -1.050951380845992
473.2522585128563 -1.021286204869331
476.81063238359957 -0.9353831040085036
480.3690062543433 -0.7907610140581605
483.927380125087 -0.6178606693866757
487.48575399583024 -0.4501158858597091
491.04412786657394 -0.3012837450698763
494.60250173731765 -0.16997840326609392
498.16087560806136 -0.04892870654547486
501.7192494788046 0.06927838216460509
505.2776233495483 0.1913367122180056
508.83599722029203 0.3254380583950207
512.3943710910353 0.47850847645589045
515.952744961779 0.653313026896401
519.5111188325227 0.8392628790449415
523.069492703266 1.0056546224090839
526.6278665740097 1.1133700363384016
530.1862404447534 1.156456630436674
533.7446143154971 1.1508569000342765
537.3029881862403 1.0938543905782654
540.861362056984 0.9698655065673093
544.4197359277277 0.7922280036625589
547.978109798471 0.6024579671323304
551.5364836692147 0.42891841127456143
555.0948575399584 0.276246274441181
558.6532314107017 0.13933015241371471
562.2116052814454 0.01120034225833194
565.7699791521891 -0.11617359099683243
569.3283530229328 -0.25073831003023905
572.886726893676 -0.39908059495137777
576.4451007644197 -0.5651836818438868
580.0034746351635 -0.7484609830303018
583.5618485059067 -0.9301002325322122
587.1202223766504 -1.070930312575464
590.6785962473941 -1.1463718840528774
594.2369701181374 -1.1662115210104893
597.7953439888811 -1.1411342557667281
601.3537178596248 -1.0593788020647572
604.9120917303685 -0.9126642261920345
608.4704656011118 -0.7286287578218045
612.0288394718555 -0.5460592097591127
615.5872133425992 -0.382046843755953
619.1455872133424 -0.23606092572794324
622.7039610840861 -0.10281697671987318
626.2623349548298 0.024035863105584462
629.8207088255731 0.1521422159221993
633.3790826963168 0.2896921900864119
636.9374565670605 0.44369056146869396
640.4958304378042 0.6180304922246284
644.0542043085475 0.8053900189582324
647.6125781792912 0.9764707959034727
651.1709520500349 1.0921531109406666
654.7293259207781 1.142066091083348
658.2876997915218 1.1422361724167278
661.8460736622656 1.0933921408542253
665.4044475330088 0.9793544040790282
668.9628214037525 0.8096049602507837
672.5211952744962 0.6233454085028166
676.0795691452399 0.4506835234706787
679.6379430159832 0.30005993206950476
683.1963168867269 0.1680565177567356
686.7546907574706 0.04729162226591624
690.3130646282139 -0.07040755459776034
693.8714384989576 -0.19196874391059107
697.4298123697013 -0.3242816743984435
700.988186240445 -0.47311977726136156
704.5465601111882 -0.6386942063779564
708.1049339819319 -0.8058305798170176
711.6633078526756 -0.9411290833133934
715.2216817234189 -1.0177826475518035
718.7800555941626 -1.040817829380468
722.3384294649063 -1.022026566052906
725.8968033356496 -0.9520330596709563
729.4551772063933 -0.8206165023199975
733.013551077137 -0.652520341142504
736.5719249478807 -0.48515948090658256
740.1302988186239 -0.3365842910691344
743.6886726893676 -0.20696712215239094
747.2470465601114 -0.09049813283932048
750.8054204308546 0.01990073369252159
754.3637943015983 0.13151458403981225
757.922168172342 0.25184424371340974
761.4805420430853 0.38792704077742357
765.038915913829 0.5440466807685848
768.5972897845727 0.7153803911630241
772.1556636553164 0.8769711588013644
775.7140375260597 0.9907917075244276
779.2724113968034 1.0430682254303787
782.8307852675471 1.0477296107859608
786.3891591382903 1.0079627309645214
789.947533009034 0.9092894795711718
793.5059068797777 0.7559282600539584
797.064280750521 0.5825052032474974
800.6226546212647 0.41863455906610875
804.1810284920084 0.273798485611232
807.7394023627521 0.1448785686588248
811.2977762334954 0.025132480211573816
814.8561501042391 -0.09307278773122724
818.4145239749828 -0.216888967788824
821.972897845726 -0.3534450417393623
825.5312717164697 -0.5090729511506434
829.0896455872135 -0.6854882795466377
832.6480194579567 -0.8687643882730471
836.2063933287004 -1.0241106770408437
839.7647671994441 -1.1174964555047782
843.3231410701878 -1.1495638821599856
846.8815149409311 -1.1348699299113314
850.4398888116748 -1.0656778596129277
853.9982626824185 -0.9287703704598405
857.5566365531618 -0.746659298854103
861.1150104239055 -0.5604129189269064
864.6733842946492 -0.39169844775869894
868.2317581653924 -0.24346432867773432
871.7901320361361 -0.11041735648755593
875.3485059068798 0.015437303780843717
878.9068797776235 0.1423816739647769
882.4652536483668 0.27765192869397376
886.0236275191105 0.4280396495499312
889.5820013898542 0.5985189197786126
893.1403752605975 0.785240227755878
896.6987491313412 0.9635018792418374
900.2571230020849 1.09394076709249
903.8154968728281 1.157419165889289
907.3738707435718 1.1676295483056192
910.9322446143156 1.1309847953559258
914.4906184850593 1.0314053739690667
918.0489923558025 0.8678846094799552
921.6073662265462 0.6777895004337718
925.1657400972899 0.4967859408127924
928.7241139680332 0.33693387970897654
932.2824878387769 0.19628351040676922
935.8408617095206 0.0678727258214403
939.3992355802638 -0.05638518052018007
942.9576094510076 -0.18426694445665576
946.5159833217513 -0.3235153384687901
950.074357192495 -0.4809646231254374
953.6327310632382 -0.658760296113322
957.1911049339819 -0.8458750685319011
960.7494788047256 -1.009855117408223
964.3078526754689 -1.1135256170505308
967.8662265462126 -1.153087209854364
971.4246004169563 -1.1445257523183006
974.9829742876996 -1.0836039660880763
978.5413481584433 -0.9563328466378775
982.099722029187 -0.7807234132670631
985.6580958999307 -0.5967330061798956
989.2164697706739 -0.4292638765249965
992.7748436414176 -0.283758327729341
996.3332175121614 -0.15500882053578996
999.8915913829046 -0.03508192204664328
1003.4499652536483 0.08289336190887274
1007.008339124392 0.2058153048886181
1010.5667129951357 0.3411959852495051
1014.125086865879 0.4952960015234162
1017.6834607366227 0.6654747313040406
1021.2418346073664 0.832834650428812
1024.8002084781097 0.9616769264753533
1028.3585823488534 1.0288442644432478
1031.916956219597 1.0442906118505006
1035.4753300903403 1.0172927203399789
1039.033703961084 0.9354547653812386
1042.5920778318277 0.7937034737044479
1046.1504517025714 0.6226942973076132
1049.7088255733147 0.4578507096074531
1053.2671994440584 0.312941630084504
1056.825573314802 0.18666359898837512
1060.3839471855454 0.07251250267615086
1063.942321056289 -0.03704885378985945
1067.5006949270328 -0.14905928766359702
1071.059068797776 -0.27073476201860236
1074.6174426685197 -0.40884159231128137
1078.1758165392635 -0.5670669684455014
1081.7341904100072 -0.7372764690148262
1085.2925642807504 -0.8913810328439341
1088.8509381514941 -0.9928854121151287
1092.4093120222378 -1.0348070568076682
1095.967685892981 -1.0320928365862565
1099.5260597637248 -0.9835047018769171
1103.0844336344685 -0.8746510966294898
1106.6428075052117 -0.7164153195795371
1110.2011813759555 -0.5456135066419577
1113.7595552466992 -0.3874686303080091
1117.3179291174429 -0.24854805205466174
1120.8763029881861 -0.12445430395774972
1124.4346768589298 -0.0077041721396039625
1127.9930507296735 0.10924625845769718
1131.5514246004168 0.2335024726290364
1135.1097984711605 0.3728057187127961
1138.6681723419042 0.534132923130239
1142.2265462126475 0.7163430603487059
1145.7849200833912 0.9009018278280763
1149.3432939541349 1.049368882722373
1152.9016678248786 1.131665821577013
1156.4600416956218 1.1549025381770592
1160.0184155663655 1.1315619348167911
1163.5767894371093 1.0499165871993805
1167.1351633078525 0.9013206350948635
1170.6935371785962 0.7148504230744865
1174.25191104934 0.5300819556386952
1177.8102849200832 0.3652315408348084
1181.3686587908269 0.22083094842794865
1184.9270326615706 0.09051216003999153
1188.4854065323143 -0.033558114343556274
1192.0437804030576 -0.15912183507103936
1195.6021542738013 -0.2940307040549877
1199.160528144545 -0.44585308967140824
1202.7189020152882 -0.6189963816450024
1206.277275886032 -0.8064575076487118
1209.8356497567756 -0.9813574120175939
1213.394023627519 -1.1033144436132378
1216.9523974982626 -1.1579774936326785
1220.5107713690063 -1.1607948526432779
1224.06914523975 -1.113861697081052
1227.6275191104933 -1.0010117895320736
1231.185892981237 -0.8295597588554686
1234.7442668519807 -0.6390319475256567
1238.302640722724 -0.46155081608864396
1241.8610145934676 -0.3062092254531789
1245.4193884642114 -0.16930691452397523
1248.9777623349546 -0.0430531848766597
1252.5361362056983 0.08008289213320285
1256.094510076442 0.20799460146872492
1259.6528839471857 0.3485324559973892
1263.211257817929 0.5078263378482393
1266.7696316886727 0.6863511352530944
1270.3280055594164 0.8702069869072253
1273.8863794301596 1.0242366168859722
1277.4447533009034 1.1144897214687954
1281.003127171647 1.1440797649016066
1284.5615010423903 1.1272358007874397
1288.119874913134 1.0556453829597805
1291.6782487838777 0.9185027029386297
1295.2366226546214 0.7396411708824258
1298.7949965253647 0.5586212404450945
1302.3533703961084 0.39619381889088123
1305.911744266852 0.25461210536879303
1309.4701181375954 0.12828423042375817
1313.028492008339 0.009749817711279165
1316.5868658790828 -0.10822715990752009
1320.1452397498265 -0.23296174634680844
1323.7036136205697 -0.37160747452591575
1327.2619874913134 -0.5287392500894252
1330.8203613620572 -0.7001335787159046
1334.3787352328004 -0.8632739032505664
1337.9371091035441 -0.9815914444145584
1341.4954829742878 -1.0380790069999608
1345.053856845031 -1.0461557663908403
1348.6122307157748 -1.0111177265940114
1352.1706045865185 -0.9185888298698297
1355.7289784572622 -0.7689460851848595
1359.2873523280055 -0.5968467864616985
1362.8457261987492 -0.4339785678962382
1366.4041000694929 -0.29125593804043437
1369.9624739402361 -0.16641914372663288
1373.5208478109798 -0.05265267990657561
1377.0792216817235 0.05743698514121834
1380.6375955524668 0.17100443918815383
1384.1959694232105 0.2954538304658043
1387.7543432939542 0.4373028187934295
1391.312717164698 0.5990544762424215
1394.8710910354412 0.7697269350544919
1398.4294649061849 0.9183296807043195
1401.9878387769286 1.0103651924145312
1405.5462126476718 1.044640224024934
1409.1045865184155 1.0352082559168914
1412.6629603891593 0.9768485057389517
1416.2213342599025 0.8570205742108749
1419.7797081306462 0.692874156320789
1423.33808200139 0.5213486050127742
1426.8964558721336 0.36529961118331883
1430.4548297428769 0.2278585438540097
1434.0132036136206 0.10361208007579097
1437.5715774843643 -0.014253565053390623
1441.1299513551076 -0.1327033191219016
1444.6883252258513 -0.25951117598606765
1448.246699096595 -0.402312763202233
1451.8050729673387 -0.5658215548214157
1455.3634468380824 -0.7472567360389074
1458.9218207088252 -0.9257538293801724
1462.480194579569 -1.06209802550828
1466.0385684503126 -1.1320840301492698
1469.5969423210563 -1.147150498178704
1473.1553161918 -1.1158676736101076
1476.7136900625437 -1.0243856618767153
1480.2720639332874 -0.8695246073556406
1483.8304378040302 -0.6840082115420777
1487.388811674774 -0.5041755481260753
1490.9471855455176 -0.34484065068989167
1494.5055594162613 -0.20451885503961048
1498.063933287005 -0.07635492322735511
1501.6223071577488 0.04729025077826224
1505.1806810284916 0.1746173287222819
1508.7390548992353 0.31352974224363006
1512.297428769979 0.47063083594633975
1515.8558026407227 0.6493135933126548
1519.4141765114664 0.8404859167495105
1522.97255038221 1.0115047690367944
1526.5309242529538 1.1228971762466644
1530.0892981236966 1.1679973887607746
1533.6476719944403 1.1632053507701792
1537.206045865184 1.1062046137969983
1540.7644197359277 0.981319377522651
1544.3227936066714 0.8028088508157669
1547.8811674774151 0.6127653226521383
1551.4395413481589 0.43860061119956545
1554.9979152189017 0.28577713984100384
1558.5562890896454 0.14995031540464648
1562.114662960389 0.02410933490886977
1565.6730368311328 -0.1000259183482069
1569.2314107018765 -0.23069758095836387
1572.7897845726202 -0.37536653282259647
1576.348158443363 -0.5396749026765651
1579.9065323141067 -0.7226149229763764
1583.4649061848504 -0.9059226050808996
1587.0232800555941 -1.0508687906292062
1590.5816539263378 -1.1294779610624273
1594.1400277970815 -1.1506507671194899
1597.6984016678252 -1.125847412533992
1601.256775538568 -1.0434988070412488
1604.8151494093117 -0.8963006012920004
1608.3735232800555 -0.7135226371010382
1611.9318971507992 -0.5334897073782123
1615.4902710215429 -0.37366102712946814
1619.0486448922866 -0.234416094306076
1622.6070187630303 -0.10960968671694701
1626.165392633773 0.008330944431140165
1629.7237665045168 0.1269750611948896
1633.2821403752605 0.2536219145823175
1636.8405142460042 0.3951265288805675
1640.398888116748 0.5554902686277359
1643.9572619874916 0.7274298946592097
1647.5156358582353 0.8849406072507321
1651.0740097289781 0.9922509101898717
1654.6323835997218 1.0390068869541944
1658.1907574704655 1.0397539447980992
1661.7491313412092 0.9956784616358592
1665.307505211953 0.8921977081168737
1668.8658790826967 0.736884219603294
1672.4242529534395 0.5666187436645326
1675.9826268241832 0.4090997419984443
1679.5410006949269 0.2711529202036715
1683.0993745656706 0.14911149610933513
1686.6577484364143 0.036339972064094415
1690.216122307158 -0.07460882260696786
1693.7744961779017 -0.19051769955854994
1697.3328700486445 -0.3182498239867676
1700.8912439193882 -0.4637580980136475
1704.449617790132 -0.6281681724520745
1708.0079916608756 -0.7975593513605468
1711.5663655316193 -0.9368612934075959
1715.124739402363 -1.0165406296090045
1718.6831132731068 -1.0417022574097898
1722.2414871438496 -1.024696903241787
1725.7998610145933 -0.9566544405866517
1729.358234885337 -0.8277438156572172
1732.9166087560807 -0.6609025900971022
1736.4749826268244 -0.4924627789253949
1740.033356497568 -0.3402675817538908
1743.591730368311 -0.20563609413767525
1747.1501042390546 -0.08328626980799066
1750.7084781097983 0.03380093457971593
1754.266851980542 0.15325025580723625
1757.8252258512857 0.282393004628206
1761.3835997220294 0.42836759075112557
1764.9419735927731 0.5953432424939865
1768.500347463516 0.7781899194515977
1772.0587213342596 0.9522972004500887
1775.6170952050034 1.0775150993949445
1779.175469075747 1.1362791818003317
1782.7338429464908 1.1430419146418505
1786.2922168172345 1.102321624274282
1789.8505906879782 0.9984388432784097
1793.408964558721 0.8343861326000497
1796.9673384294647 0.6474986371095424
1800.5257123002084 0.4706649771268961
1804.084086170952 0.3143690750324462
1807.6424600416958 0.17638293432874144
1811.2008339124395 0.0493702487823501
1814.7592077831823 -0.07464524582345741
1818.317581653926 -0.20313003016309927
1821.8759555246697 -0.34344257394925337
1825.4343293954134 -0.5026372819411022
1828.9927032661572 -0.6821526767270769
1832.5510771369009 -0.8679855547967087
1836.1094510076446 -1.0262610409044894
1839.6678248783874 -1.1228303780836129
1843.226198749131 -1.15724537021066
1846.7845726198748 -1.1446370369571615
1850.3429464906185 -1.078529244147773
1853.9013203613622 -0.9447655936514047
1857.459694232106 -0.7648957362888344
1861.0180681028496 -0.5790174268383077
1864.5764419735924 -0.4098251130330442
1868.1348158443361 -0.2608390771104931
1871.6931897150798 -0.12727570389230983
1875.2515635858235 -0.0013030333669493775
1878.8099374565672 0.12478662638011676
1882.368311327311 0.25887263530834
1885.9266851980537 0.40833783145498553
1889.4850590687975 0.578113176432017
1893.0434329395412 0.7646960122365777
1896.6018068102849 0.9456213492171448
1900.1601806810286 1.0807885625703733
1903.7185545517723 1.1482752306219939
1907.276928422516 1.1612292814266447
1910.8353022932588 1.127650207280198
1914.3936761640025 1.033171026991457
1917.9520500347462 0.8755764741436826
1921.51042390549 0.6896496676647849
1925.0687977762336 0.5104612923624594
1928.6271716469773 0.3517669207751527
1932.185545517721 0.2121816696520982
1935.7439193884638 0.08484111087287884
1939.3022932592075 -0.03758978685346018
1942.8606671299513 -0.16307581832074125
1946.419041000695 -0.2988531089900833
1949.9774148714387 -0.4511852591012124
1953.5357887421824 -0.6225164751615168
1957.094162612926 -0.8021507909044503
1960.6525364836689 -0.9583086285194785
1964.2109103544126 -1.0566598703146746
1967.7692842251563 -1.0943735282937526
1971.3276580959 -1.086684110482918
1974.8860319666437 -1.0291683694905078
1978.4444058373874 -0.9053882010404936
1982.0027797081302 -0.7275263037519701
1985.561153578874 -0.5360660487629985
1989.1195274496176 -0.36171460655843857
1992.6779013203613 -0.21672987810529862
1996.236275191105 -0.10585993197686107
1999.7946490618488 -0.03412421298227031
2003.3530229325925 -0.002227451862799063
2006.9113968033353 -0.0017872374128895996
2010.469770674079 -0.018828876658230048
2014.0281445448227 -0.03986336747265119
2017.5865184155664 -0.053543628066609984
2021.14489228631 -0.05037399527072962
2024.7032661570538 -0.0245065028031788
2028.2616400277975 0.023869551224837544
2031.8200138985403 0.08923910701805479
2035.378387769284 0.1644965436055144
2038.9367616400277 0.24270542067447007
2042.4951355107714 0.31777992744709055
2046.0535093815151 0.3859801106339962
2049.611883252259 0.4475442978210831
2053.1702571230016 0.5048147788102239
2056.7286309937454 0.557515872281195
2060.287004864489 0.6010021260790375
2063.8453787352328 0.6268005543253461
2067.4037526059765 0.6285092992710403
2070.96212647672 0.6055244078321238
2074.520500347464 0.5630958394394122
2078.0788742182067 0.5099776519767268
2081.6372480889504 0.45145150947354007
2085.195621959694 0.38770111361745513
2088.753995830438 0.3166272499219547
2092.3123697011815 0.2372373574071257
2095.8707435719252 0.15194145547758733
2099.429117442669 0.06472954026417906
2102.9874913134117 -0.01945786311088786
2106.5458651841554 -0.09517850082041382
2110.104239054899 -0.15637214604853203
2113.662612925643 -0.1976200619934652
2117.2209867963866 -0.2171389909413479
2120.7793606671303 -0.218416645886021
2124.337734537873 -0.20782687405866207
2127.896108408617 -0.19127657840847362
2131.4544822793605 -0.17269904669988748
2135.012856150104 -0.15420974372130367
2138.571230020848 -0.13684241756417098
2142.1296038915916 -0.12105812287020183
2145.6879777623353 -0.10694458786116087
2149.246351633078 -0.09444424418480976
2152.804725503822 -0.08342537698471053
2156.3630993745655 -0.07374660666948929
2159.9214732453092 -0.06525288677345299
2163.479847116053 -0.05780194771247406
2167.0382209867967 -0.051273460765922145
2170.5965948575404 -0.045548278605899224
2174.154968728283 -0.04051916465925838
2177.713342599027 -0.036105584907960675
2181.2717164697706 -0.03222350030438856
2184.8300903405143 -0.02880786767615569
2188.388464211258 -0.02579618787703301
2191.9468380820017 -0.02314208956528602
2195.5052119527445 -0.02079540139220676
2199.063585823488 -0.0187160203192266
2202.621959694232 -0.016875806725098655
2206.1803335649756 -0.015241975742125127
2209.7387074357193 -0.013784816480575127
2213.297081306463 -0.012489250545393741
2216.8554551772067 -0.011334568102929213
2220.4138290479495 -0.010304565431082498
2223.9722029186933 -0.009379993136086612
2227.530576789437 -0.008552083619199909
2231.0889506601807 -0.007809918835335482
2234.6473245309244 -0.007144224173586131
2238.205698401668 -0.006542561037422336
2241.764072272412 -0.006001822103865981
2245.3224461431546 -0.005512738159253863
2248.8808200138983 -0.005069848792882663
2252.439193884642 -0.004669348275955972
2255.9975677553857 -0.0043059425622656525
2259.5559416261294 -0.003976335199214003
2263.114315496873 -0.0036786068777892767
2266.672689367617 -0.003406380543444743
2270.2310632383596 -0.003158766108753529
2273.7894371091033 -0.002930533213527879
2277.347810979847 -0.002724028634089823
2280.9061848505908 -0.00253377782083774
2284.4645587213345 -0.002359672961955059
2288.022932592078 -0.0022010969334587374
2291.581306462821 -0.0020538193559670364
2295.1396803335647 -0.00192003067961922
2298.6980542043084 -0.001796121456887075
2302.256428075052 -0.0016824949272369859
2305.814801945796 -0.0015776637059802116
2309.3731758165395 -0.0014796388259393047
2312.931549687283 -0.0013897688824382247
2316.489923558026 -0.0013058441932441165
2320.0482974287697 -0.0012290719087482242
2323.6066712995134 -0.0011583447471734008
2327.165045170257 -0.0010909134633198996
2330.723419041001 -0.0010298357503422298
2334.2817929117446 -0.0009727982551698057
2337.8401667824883 -0.0009185482892496453
2341.398540653231 -0.0008699261507976004
2344.956914523975 -0.0008232096631529719
2348.5152883947185 -0.0007796100446353378
2352.073662265462 -0.0007402421071460171
2355.632036136206 -0.0007010741820801737
2359.1904100069496 -0.0006662160042733559
2362.7487838776924 -0.0006329280287814184
2366.307157748436 -0.0006019156218458314
2369.86553161918 -0.000573168410681098
2373.4239054899235 -0.0005467323402824108
2376.9822793606672 -0.0005204767304900613
2380.540653231411 -0.0004964259469029195
2384.0990271021547 -0.00047455960685979993
2387.6574009728974 -0.00045231494307673215
2391.215774843641 -0.00043263783522616393
2394.774148714385 -0.00041289277241320993
2398.3325225851286 -0.0003965148747400462
2401.8908964558723 -0.0003808911963462006
2405.449270326616 -0.00036472425290788563
2409.0076441973597 -0.0003509160697908337
2412.5660180681025 -0.00033705086264105595
2416.124391938846 -0.0003236523307126453
2419.68276580959 -0.0003105221303957337
2423.2411396803336 -0.0002984288883410018
2426.7995135510773 -0.00028795562018528844
2430.357887421821 -0.00027810064779782155
2433.916261292564 -0.00026857739251392657
2437.4746351633075 -0.00025850745070691894
2441.0330090340512 -0.0002486954235896691
2444.591382904795 -0.00024052182985084006
2448.1497567755387 -0.00023324415336460313
2451.7081306462824 -0.00022355935791697684
2455.266504517026 -0.00021680262252676952
2458.824878387769 -0.00020932117445575724
2462.3832522585126 -0.0002026541974078337
2465.9416261292563 -0.0001966706608552521
2469.5 -0.00018863373069547145
