-2651.0 3.63219e-06
-2650.0 3.88939e-06
-2649.0 3.55682e-06
-2648.0 4.64669e-06
-2647.0 3.9453e-06
-2646.0 4.02474e-06
-2645.0 5.17973e-06
-2644.0 5.78906e-06
-2643.0 5.92526e-06
-2642.0 6.34614e-06
-2641.0 6.83408e-06
-2640.0 7.99347e-06
-2639.0 8.22225e-06
-2638.0 8.07963e-06
-2637.0 8.67626e-06
-2636.0 8.55547e-06
-2635.0 1.00787e-05
-2634.0 9.81369e-06
-2633.0 9.95112e-06
-2632.0 9.77448e-06
-2631.0 1.0176e-05
-2630.0 1.10612e-05
-2629.0 1.04513e-05
-2628.0 1.03773e-05
-2627.0 1.05106e-05
-2626.0 1.11473e-05
-2625.0 1.14388e-05
-2624.0 1.23645e-05
-2623.0 1.2505e-05
-2622.0 1.35458e-05
-2621.0 1.27646e-05
-2620.0 1.23581e-05
-2619.0 1.36379e-05
-2618.0 1.4687e-05
-2617.0 1.40673e-05
-2616.0 1.57468e-05
-2615.0 1.6392e-05
-2614.0 1.76072e-05
-2613.0 1.7078e-05
-2612.0 1.80433e-05
-2611.0 1.7831e-05
-2610.0 1.79957e-05
-2609.0 1.86556e-05
-2608.0 1.9321e-05
-2607.0 1.91666e-05
-2606.0 1.85923e-05
-2605.0 1.97522e-05
-2604.0 2.10182e-05
-2603.0 2.15573e-05
-2602.0 2.16312e-05
-2601.0 2.15554e-05
-2600.0 2.2879e-05
-2599.0 2.23814e-05
-2598.0 2.15668e-05
-2597.0 2.39622e-05
-2596.0 2.41794e-05
-2595.0 2.41456e-05
-2594.0 2.42963e-05
-2593.0 2.53627e-05
-2592.0 2.48097e-05
-2591.0 2.65534e-05
-2590.0 2.65807e-05
-2589.0 2.65447e-05
-2588.0 2.69714e-05
-2587.0 2.87115e-05
-2586.0 2.89564e-05
-2585.0 2.93442e-05
-2584.0 2.98676e-05
-2583.0 3.10277e-05
-2582.0 3.09928e-05
-2581.0 3.08102e-05
-2580.0 3.23219e-05
-2579.0 3.34944e-05
-2578.0 3.39284e-05
-2577.0 3.4496e-05
-2576.0 3.5231e-05
-2575.0 3.66319e-05
-2574.0 3.7078e-05
-2573.0 3.68649e-05
-2572.0 3.79201e-05
-2571.0 3.79165e-05
-2570.0 3.93052e-05
-2569.0 4.09648e-05
-2568.0 4.13619e-05
-2567.0 4.07918e-05
-2566.0 4.1363e-05
-2565.0 4.30904e-05
-2564.0 4.37516e-05
-2563.0 4.41952e-05
-2562.0 4.58896e-05
-2561.0 4.65955e-05
-2560.0 4.76849e-05
-2559.0 4.80346e-05
-2558.0 4.76971e-05
-2557.0 4.91527e-05
-2556.0 4.96378e-05
-2555.0 5.07145e-05
-2554.0 5.13476e-05
-2553.0 5.09011e-05
-2552.0 5.22127e-05
-2551.0 5.38153e-05
-2550.0 5.47269e-05
-2549.0 5.5119e-05
-2548.0 5.61628e-05
-2547.0 5.74132e-05
-2546.0 5.68717e-05
-2545.0 5.8218e-05
-2544.0 5.93271e-05
-2543.0 6.04576e-05
-2542.0 6.09754e-05
-2541.0 6.03469e-05
-2540.0 6.26141e-05
-2539.0 6.36315e-05
-2538.0 6.38678e-05
-2537.0 6.47915e-05
-2536.0 6.65652e-05
-2535.0 6.72556e-05
-2534.0 6.87126e-05
-2533.0 6.91618e-05
-2532.0 7.04263e-05
-2531.0 7.10536e-05
-2530.0 7.19486e-05
-2529.0 7.31811e-05
-2528.0 7.4162e-05
-2527.0 7.58164e-05
-2526.0 7.68261e-05
-2525.0 7.80053e-05
-2524.0 7.90078e-05
-2523.0 7.94154e-05
-2522.0 8.03423e-05
-2521.0 8.26842e-05
-2520.0 8.35679e-05
-2519.0 8.43234e-05
-2518.0 8.65545e-05
-2517.0 8.65002e-05
-2516.0 8.7641e-05
-2515.0 8.88031e-05
-2514.0 8.99596e-05
-2513.0 9.06127e-05
-2512.0 9.09875e-05
-2511.0 9.31829e-05
-2510.0 9.45406e-05
-2509.0 9.61314e-05
-2508.0 9.7357e-05
-2507.0 9.89844e-05
-2506.0 9.9857e-05
-2505.0 0.000101147
-2504.0 0.000102295
-2503.0 0.000103169
-2502.0 0.000105448
-2501.0 0.000107109
-2500.0 0.000108783
-2499.0 0.000110345
-2498.0 0.000110637
-2497.0 0.000113397
-2496.0 0.000115032
-2495.0 0.000115236
-2494.0 0.000117623
-2493.0 0.000118661
-2492.0 0.000120506
-2491.0 0.000123317
-2490.0 0.000125009
-2489.0 0.000126763
-2488.0 0.000127415
-2487.0 0.000127889
-2486.0 0.000129759
-2485.0 0.000133309
-2484.0 0.000134464
-2483.0 0.000135406
-2482.0 0.000135974
-2481.0 0.000138079
-2480.0 0.000140445
-2479.0 0.000142025
-2478.0 0.000143671
-2477.0 0.000145932
-2476.0 0.000148771
-2475.0 0.000150431
-2474.0 0.000151718
-2473.0 0.000153263
-2472.0 0.000155889
-2471.0 0.000159812
-2470.0 0.000159616
-2469.0 0.000162244
-2468.0 0.000165018
-2467.0 0.000166668
-2466.0 0.000168392
-2465.0 0.00017179
-2464.0 0.000174124
-2463.0 0.000176793
-2462.0 0.000180553
-2461.0 0.000180719
-2460.0 0.000183496
-2459.0 0.000186364
-2458.0 0.000187793
-2457.0 0.000191043
-2456.0 0.000192856
-2455.0 0.000195202
-2454.0 0.000198798
-2453.0 0.000200328
-2452.0 0.000202392
-2451.0 0.000205977
-2450.0 0.000208439
-2449.0 0.000211117
-2448.0 0.000214767
-2447.0 0.000217784
-2446.0 0.000220033
-2445.0 0.000223174
-2444.0 0.000226509
-2443.0 0.000229575
-2442.0 0.000234062
-2441.0 0.000236755
-2440.0 0.000239044
-2439.0 0.000241395
-2438.0 0.000246036
-2437.0 0.00024888
-2436.0 0.000252665
-2435.0 0.000256193
-2434.0 0.000259196
-2433.0 0.00026155
-2432.0 0.000264893
-2431.0 0.000270796
-2430.0 0.00027332
-2429.0 0.00027712
-2428.0 0.000281694
-2427.0 0.000284673
-2426.0 0.000288952
-2425.0 0.000292651
-2424.0 0.000295725
-2423.0 0.000299901
-2422.0 0.000303818
-2421.0 0.00030792
-2420.0 0.000312665
-2419.0 0.000317747
-2418.0 0.000322297
-2417.0 0.000326904
-2416.0 0.000330669
-2415.0 0.000333569
-2414.0 0.000339842
-2413.0 0.000345578
-2412.0 0.00035091
-2411.0 0.000353685
-2410.0 0.000359726
-2409.0 0.000364074
-2408.0 0.00036833
-2407.0 0.000373272
-2406.0 0.000379272
-2405.0 0.000385303
-2404.0 0.00039055
-2403.0 0.00039588
-2402.0 0.000402067
-2401.0 0.000407694
-2400.0 0.000413116
-2399.0 0.000419772
-2398.0 0.000425279
-2397.0 0.000430362
-2396.0 0.000437608
-2395.0 0.000443882
-2394.0 0.000448984
-2393.0 0.000455552
-2392.0 0.000462208
-2391.0 0.000467311
-2390.0 0.000474792
-2389.0 0.000482814
-2388.0 0.000489167
-2387.0 0.000495848
-2386.0 0.000504308
-2385.0 0.000511788
-2384.0 0.000518824
-2383.0 0.000525798
-2382.0 0.000532382
-2381.0 0.000540536
-2380.0 0.000548301
-2379.0 0.00055629
-2378.0 0.000565531
-2377.0 0.000574105
-2376.0 0.000581693
-2375.0 0.00059047
-2374.0 0.000599967
-2373.0 0.000608083
-2372.0 0.000617932
-2371.0 0.000628519
-2370.0 0.00063652
-2369.0 0.000646894
-2368.0 0.000655862
-2367.0 0.000665316
-2366.0 0.000675514
-2365.0 0.000684061
-2364.0 0.000694964
-2363.0 0.000706357
-2362.0 0.0007166
-2361.0 0.000728316
-2360.0 0.000739897
-2359.0 0.000750659
-2358.0 0.000762387
-2357.0 0.000774673
-2356.0 0.00078556
-2355.0 0.000797814
-2354.0 0.00081086
-2353.0 0.000822223
-2352.0 0.000835105
-2351.0 0.00084779
-2350.0 0.000859877
-2349.0 0.000874543
-2348.0 0.000888781
-2347.0 0.000902633
-2346.0 0.000916318
-2345.0 0.000929562
-2344.0 0.000945712
-2343.0 0.000960225
-2342.0 0.000974475
-2341.0 0.000989434
-2340.0 0.00100598
-2339.0 0.00102248
-2338.0 0.00103737
-2337.0 0.00105317
-2336.0 0.00107063
-2335.0 0.00108773
-2334.0 0.00110478
-2333.0 0.00112304
-2332.0 0.00114129
-2331.0 0.00115947
-2330.0 0.00117701
-2329.0 0.00119603
-2328.0 0.001215
-2327.0 0.00123532
-2326.0 0.00125686
-2325.0 0.00127734
-2324.0 0.00129849
-2323.0 0.00131986
-2322.0 0.00134058
-2321.0 0.0013632
-2320.0 0.00138743
-2319.0 0.0014096
-2318.0 0.00143242
-2317.0 0.00145723
-2316.0 0.00147929
-2315.0 0.00150519
-2314.0 0.00153075
-2313.0 0.00155682
-2312.0 0.00158224
-2311.0 0.00160888
-2310.0 0.00163508
-2309.0 0.00166279
-2308.0 0.00169148
-2307.0 0.00172053
-2306.0 0.00174892
-2305.0 0.00177855
-2304.0 0.00180945
-2303.0 0.00184002
-2302.0 0.00187234
-2301.0 0.00190529
-2300.0 0.00193828
-2299.0 0.00197172
-2298.0 0.00200549
-2297.0 0.00204138
-2296.0 0.0020768
-2295.0 0.00211192
-2294.0 0.00215004
-2293.0 0.00218835
-2292.0 0.00222653
-2291.0 0.00226572
-2290.0 0.00230609
-2289.0 0.00234628
-2288.0 0.002389
-2287.0 0.00243156
-2286.0 0.00247424
-2285.0 0.00251862
-2284.0 0.00256331
-2283.0 0.00261109
-2282.0 0.00265587
-2281.0 0.00270482
-2280.0 0.00275324
-2279.0 0.0028036
-2278.0 0.00285392
-2277.0 0.00290514
-2276.0 0.00295963
-2275.0 0.00301384
-2274.0 0.0030673
-2273.0 0.00312356
-2272.0 0.00318144
-2271.0 0.00324049
-2270.0 0.00330198
-2269.0 0.00336219
-2268.0 0.00342348
-2267.0 0.00348652
-2266.0 0.00355073
-2265.0 0.00361809
-2264.0 0.00368586
-2263.0 0.00375396
-2262.0 0.00382531
-2261.0 0.00389565
-2260.0 0.00396984
-2259.0 0.0040449
-2258.0 0.00412055
-2257.0 0.00419826
-2256.0 0.00427715
-2255.0 0.00435877
-2254.0 0.00444267
-2253.0 0.00452656
-2252.0 0.00461225
-2251.0 0.00469998
-2250.0 0.0047889
-2249.0 0.00488099
-2248.0 0.00497563
-2247.0 0.00507251
-2246.0 0.00517015
-2245.0 0.00526738
-2244.0 0.00536848
-2243.0 0.0054728
-2242.0 0.00557908
-2241.0 0.00568734
-2240.0 0.0057955
-2239.0 0.00590668
-2238.0 0.00602128
-2237.0 0.00613801
-2236.0 0.00625816
-2235.0 0.0063783
-2234.0 0.00650364
-2233.0 0.0066295
-2232.0 0.00675893
-2231.0 0.00688945
-2230.0 0.00702395
-2229.0 0.00716115
-2228.0 0.00730108
-2227.0 0.00744236
-2226.0 0.00758698
-2225.0 0.00773476
-2224.0 0.00788445
-2223.0 0.00803863
-2222.0 0.00819585
-2221.0 0.00835588
-2220.0 0.00851923
-2219.0 0.008684
-2218.0 0.00885311
-2217.0 0.00902613
-2216.0 0.00920052
-2215.0 0.00937731
-2214.0 0.00955775
-2213.0 0.00974394
-2212.0 0.00993201
-2211.0 0.0101236
-2210.0 0.0103181
-2209.0 0.0105152
-2208.0 0.0107168
-2207.0 0.0109224
-2206.0 0.0111304
-2205.0 0.0113393
-2204.0 0.0115526
-2203.0 0.0117718
-2202.0 0.0119923
-2201.0 0.0122188
-2200.0 0.0124469
-2199.0 0.012676
-2198.0 0.0129109
-2197.0 0.0131485
-2196.0 0.0133884
-2195.0 0.0136319
-2194.0 0.0138782
-2193.0 0.0141287
-2192.0 0.0143813
-2191.0 0.0146342
-2190.0 0.0148898
-2189.0 0.0151516
-2188.0 0.0154147
-2187.0 0.0156787
-2186.0 0.0159428
-2185.0 0.0162097
-2184.0 0.0164789
-2183.0 0.0167513
-2182.0 0.017025
-2181.0 0.0172945
-2180.0 0.0175658
-2179.0 0.017837
-2178.0 0.0181095
-2177.0 0.0183828
-2176.0 0.0186524
-2175.0 0.0189195
-2174.0 0.019187
-2173.0 0.0194519
-2172.0 0.0197139
-2171.0 0.0199719
-2170.0 0.0202264
-2169.0 0.0204758
-2168.0 0.0207169
-2167.0 0.0209548
-2166.0 0.021186
-2165.0 0.0214074
-2164.0 0.0216221
-2163.0 0.0218267
-2162.0 0.0220228
-2161.0 0.022204
-2160.0 0.0223737
-2159.0 0.02253
-2158.0 0.022672
-2157.0 0.0227982
-2156.0 0.0229074
-2155.0 0.0229977
-2154.0 0.0230682
-2153.0 0.0231176
-2152.0 0.0231432
-2151.0 0.0231454
-2150.0 0.0231217
-2149.0 0.0230701
-2148.0 0.0229894
-2147.0 0.0228786
-2146.0 0.0227346
-2145.0 0.0225553
-2144.0 0.0223408
-2143.0 0.0220891
-2142.0 0.0217968
-2141.0 0.0214616
-2140.0 0.0210825
-2139.0 0.020659
-2138.0 0.0201893
-2137.0 0.0196678
-2136.0 0.0190952
-2135.0 0.0184719
-2134.0 0.0177926
-2133.0 0.0170547
-2132.0 0.0162579
-2131.0 0.0154036
-2130.0 0.0144914
-2129.0 0.0135164
-2128.0 0.0124736
-2127.0 0.0113653
-2126.0 0.0101952
-2125.0 0.00895879
-2124.0 0.00765512
-2123.0 0.00628017
-2122.0 0.00483662
-2121.0 0.00333016
-2120.0 0.00176078
-2119.0 0.000122728
-2118.0 -0.00158924
-2117.0 -0.00336735
-2116.0 -0.00520235
-2115.0 -0.00709526
-2114.0 -0.00904904
-2113.0 -0.0110643
-2112.0 -0.0131437
-2111.0 -0.0152777
-2110.0 -0.0174539
-2109.0 -0.0196766
-2108.0 -0.0219441
-2107.0 -0.0242477
-2106.0 -0.0265944
-2105.0 -0.0289763
-2104.0 -0.0313886
-2103.0 -0.0338219
-2102.0 -0.0362702
-2101.0 -0.0387336
-2100.0 -0.0412096
-2099.0 -0.0436979
-2098.0 -0.0461858
-2097.0 -0.0486574
-2096.0 -0.0511132
-2095.0 -0.0535612
-2094.0 -0.0559931
-2093.0 -0.0583969
-2092.0 -0.0607687
-2091.0 -0.0631012
-2090.0 -0.06539
-2089.0 -0.0676346
-2088.0 -0.0698282
-2087.0 -0.0719629
-2086.0 -0.0740349
-2085.0 -0.0760412
-2084.0 -0.0779802
-2083.0 -0.07985
-2082.0 -0.0816297
-2081.0 -0.083324
-2080.0 -0.0849365
-2079.0 -0.0864651
-2078.0 -0.0878969
-2077.0 -0.0892282
-2076.0 -0.090455
-2075.0 -0.0915822
-2074.0 -0.0926119
-2073.0 -0.0935345
-2072.0 -0.0943447
-2071.0 -0.0950394
-2070.0 -0.0956232
-2069.0 -0.0960968
-2068.0 -0.0964559
-2067.0 -0.0966987
-2066.0 -0.0968252
-2065.0 -0.096835
-2064.0 -0.0967274
-2063.0 -0.096504
-2062.0 -0.096165
-2061.0 -0.0957115
-2060.0 -0.0951431
-2059.0 -0.0944599
-2058.0 -0.0936625
-2057.0 -0.0927569
-2056.0 -0.0917423
-2055.0 -0.0906231
-2054.0 -0.089395
-2053.0 -0.0880604
-2052.0 -0.0866261
-2051.0 -0.0850945
-2050.0 -0.0834729
-2049.0 -0.0817622
-2048.0 -0.0799522
-2047.0 -0.0780511
-2046.0 -0.076073
-2045.0 -0.0740174
-2044.0 -0.0718854
-2043.0 -0.0696813
-2042.0 -0.0674028
-2041.0 -0.0650537
-2040.0 -0.0626413
-2039.0 -0.0601732
-2038.0 -0.0576543
-2037.0 -0.0550793
-2036.0 -0.052455
-2035.0 -0.0497881
-2034.0 -0.0470721
-2033.0 -0.0443148
-2032.0 -0.0415212
-2031.0 -0.0386936
-2030.0 -0.035841
-2029.0 -0.0329564
-2028.0 -0.0300425
-2027.0 -0.0271048
-2026.0 -0.0241499
-2025.0 -0.0211837
-2024.0 -0.0181936
-2023.0 -0.0151762
-2022.0 -0.0121425
-2021.0 -0.00909911
-2020.0 -0.00603985
-2019.0 -0.00297099
-2018.0 0.000103223
-2017.0 0.00318317
-2016.0 0.00627253
-2015.0 0.00938011
-2014.0 0.0124992
-2013.0 0.0156212
-2012.0 0.0187423
-2011.0 0.0218596
-2010.0 0.0249883
-2009.0 0.0281273
-2008.0 0.0312738
-2007.0 0.0344032
-2006.0 0.037522
-2005.0 0.0406392
-2004.0 0.0437651
-2003.0 0.0468794
-2002.0 0.0499705
-2001.0 0.0530355
-2000.0 0.0560885
-1999.0 0.0591289
-1998.0 0.0621377
-1997.0 0.0650985
-1996.0 0.0680095
-1995.0 0.0708787
-1994.0 0.0737122
-1993.0 0.0764968
-1992.0 0.0792009
-1991.0 0.0818187
-1990.0 0.0843637
-1989.0 0.0868383
-1988.0 0.0892276
-1987.0 0.0915031
-1986.0 0.0936548
-1985.0 0.0956976
-1984.0 0.0976327
-1983.0 0.0994348
-1982.0 0.101089
-1981.0 0.102592
-1980.0 0.103945
-1979.0 0.105143
-1978.0 0.106178
-1977.0 0.107038
-1976.0 0.107714
-1975.0 0.108212
-1974.0 0.108519
-1973.0 0.108635
-1972.0 0.108555
-1971.0 0.108276
-1970.0 0.107794
-1969.0 0.107104
-1968.0 0.106209
-1967.0 0.105113
-1966.0 0.103814
-1965.0 0.102304
-1964.0 0.100586
-1963.0 0.0986653
-1962.0 0.096548
-1961.0 0.0942361
-1960.0 0.0917296
-1959.0 0.08903
-1958.0 0.0861401
-1957.0 0.0830742
-1956.0 0.0798391
-1955.0 0.0764409
-1954.0 0.0728884
-1953.0 0.0691744
-1952.0 0.0653108
-1951.0 0.0613127
-1950.0 0.057201
-1949.0 0.052961
-1948.0 0.0486055
-1947.0 0.0441484
-1946.0 0.0396151
-1945.0 0.0350112
-1944.0 0.0303335
-1943.0 0.0255876
-1942.0 0.0207941
-1941.0 0.0159644
-1940.0 0.0111121
-1939.0 0.00624897
-1938.0 0.00137668
-1937.0 -0.00349071
-1936.0 -0.00833889
-1935.0 -0.0131539
-1934.0 -0.0179237
-1933.0 -0.022649
-1932.0 -0.027314
-1931.0 -0.0318948
-1930.0 -0.0363747
-1929.0 -0.040777
-1928.0 -0.0450944
-1927.0 -0.0492858
-1926.0 -0.0533299
-1925.0 -0.0572192
-1924.0 -0.0609836
-1923.0 -0.0646103
-1922.0 -0.0680701
-1921.0 -0.0713416
-1920.0 -0.0744167
-1919.0 -0.0773094
-1918.0 -0.0800174
-1917.0 -0.0825176
-1916.0 -0.0848012
-1915.0 -0.0868617
-1914.0 -0.0886984
-1913.0 -0.0903156
-1912.0 -0.0917014
-1911.0 -0.0928456
-1910.0 -0.0937492
-1909.0 -0.094414
-1908.0 -0.0948381
-1907.0 -0.0950145
-1906.0 -0.0949464
-1905.0 -0.0946347
-1904.0 -0.0940759
-1903.0 -0.093274
-1902.0 -0.0922326
-1901.0 -0.0909583
-1900.0 -0.0894544
-1899.0 -0.0877146
-1898.0 -0.0857399
-1897.0 -0.0835447
-1896.0 -0.0811462
-1895.0 -0.0785565
-1894.0 -0.0757561
-1893.0 -0.072746
-1892.0 -0.0695455
-1891.0 -0.0661761
-1890.0 -0.062654
-1889.0 -0.0589729
-1888.0 -0.0551326
-1887.0 -0.0511445
-1886.0 -0.0470299
-1885.0 -0.0428012
-1884.0 -0.0384552
-1883.0 -0.0340154
-1882.0 -0.0294998
-1881.0 -0.0249044
-1880.0 -0.0202415
-1879.0 -0.0155201
-1878.0 -0.0107506
-1877.0 -0.00594722
-1876.0 -0.00113386
-1875.0 0.00367234
-1874.0 0.008471
-1873.0 0.0132737
-1872.0 0.0180611
-1871.0 0.0227959
-1870.0 0.0274801
-1869.0 0.0321017
-1868.0 0.0366493
-1867.0 0.0411152
-1866.0 0.0454863
-1865.0 0.0497505
-1864.0 0.0538989
-1863.0 0.0579192
-1862.0 0.0618075
-1861.0 0.0655532
-1860.0 0.0691444
-1859.0 0.0725711
-1858.0 0.0758237
-1857.0 0.0789018
-1856.0 0.081795
-1855.0 0.0844889
-1854.0 0.0869764
-1853.0 0.0892611
-1852.0 0.0913238
-1851.0 0.0931771
-1850.0 0.094812
-1849.0 0.0962196
-1848.0 0.097392
-1847.0 0.0983294
-1846.0 0.0990336
-1845.0 0.0995052
-1844.0 0.0997389
-1843.0 0.0997352
-1842.0 0.0994957
-1841.0 0.0990212
-1840.0 0.098317
-1839.0 0.0973771
-1838.0 0.0962004
-1837.0 0.0948034
-1836.0 0.0931986
-1835.0 0.0913856
-1834.0 0.0893507
-1833.0 0.087092
-1832.0 0.0846433
-1831.0 0.082026
-1830.0 0.07923
-1829.0 0.0762463
-1828.0 0.0730722
-1827.0 0.0697393
-1826.0 0.0662812
-1825.0 0.0627022
-1824.0 0.0589766
-1823.0 0.055091
-1822.0 0.0511034
-1821.0 0.0470382
-1820.0 0.0429056
-1819.0 0.0386756
-1818.0 0.0343442
-1817.0 0.0299465
-1816.0 0.0255257
-1815.0 0.0210971
-1814.0 0.016636
-1813.0 0.0121243
-1812.0 0.00760519
-1811.0 0.00310772
-1810.0 -0.00135932
-1809.0 -0.00579529
-1808.0 -0.0102028
-1807.0 -0.0145668
-1806.0 -0.0188775
-1805.0 -0.023112
-1804.0 -0.0272511
-1803.0 -0.0312861
-1802.0 -0.0352214
-1801.0 -0.0390561
-1800.0 -0.0427805
-1799.0 -0.0463747
-1798.0 -0.04982
-1797.0 -0.0531108
-1796.0 -0.0562476
-1795.0 -0.0592229
-1794.0 -0.0620344
-1793.0 -0.0646653
-1792.0 -0.0671002
-1791.0 -0.0693454
-1790.0 -0.0713968
-1789.0 -0.0732546
-1788.0 -0.0749042
-1787.0 -0.0763369
-1786.0 -0.0775581
-1785.0 -0.0785653
-1784.0 -0.0793547
-1783.0 -0.0799235
-1782.0 -0.0802702
-1781.0 -0.0803969
-1780.0 -0.0803038
-1779.0 -0.0799907
-1778.0 -0.0794573
-1777.0 -0.0787093
-1776.0 -0.0777492
-1775.0 -0.0765801
-1774.0 -0.0752031
-1773.0 -0.073622
-1772.0 -0.0718385
-1771.0 -0.0698683
-1770.0 -0.0677205
-1769.0 -0.0653924
-1768.0 -0.0628903
-1767.0 -0.0602114
-1766.0 -0.0573724
-1765.0 -0.0543945
-1764.0 -0.0512845
-1763.0 -0.048039
-1762.0 -0.0446538
-1761.0 -0.0411478
-1760.0 -0.0375466
-1759.0 -0.0338568
-1758.0 -0.0300786
-1757.0 -0.0262172
-1756.0 -0.0222813
-1755.0 -0.0182804
-1754.0 -0.0142319
-1753.0 -0.0101618
-1752.0 -0.00608075
-1751.0 -0.00197784
-1750.0 0.00215033
-1749.0 0.0062809
-1748.0 0.0103912
-1747.0 0.0144632
-1746.0 0.0185021
-1745.0 0.0225084
-1744.0 0.0264632
-1743.0 0.0303517
-1742.0 0.0341661
-1741.0 0.0378854
-1740.0 0.0415042
-1739.0 0.0450247
-1738.0 0.0484356
-1737.0 0.0517247
-1736.0 0.0548866
-1735.0 0.0579073
-1734.0 0.0607832
-1733.0 0.0634979
-1732.0 0.0660387
-1731.0 0.0684116
-1730.0 0.0706165
-1729.0 0.0726415
-1728.0 0.0744746
-1727.0 0.0761096
-1726.0 0.0775388
-1725.0 0.0787642
-1724.0 0.0797824
-1723.0 0.0805901
-1722.0 0.0811816
-1721.0 0.0815533
-1720.0 0.0817057
-1719.0 0.0816411
-1718.0 0.0813541
-1717.0 0.0808449
-1716.0 0.0801201
-1715.0 0.0791801
-1714.0 0.0780154
-1713.0 0.0766342
-1712.0 0.0750518
-1711.0 0.0732659
-1710.0 0.0712757
-1709.0 0.0690806
-1708.0 0.0666881
-1707.0 0.0641164
-1706.0 0.0613734
-1705.0 0.0584583
-1704.0 0.0553708
-1703.0 0.0521162
-1702.0 0.0487171
-1701.0 0.0451894
-1700.0 0.0415298
-1699.0 0.0377387
-1698.0 0.0338243
-1697.0 0.0298157
-1696.0 0.0257133
-1695.0 0.0215298
-1694.0 0.0172669
-1693.0 0.0129317
-1692.0 0.00855609
-1691.0 0.00413489
-1690.0 -0.000317264
-1689.0 -0.00479208
-1688.0 -0.00927736
-1687.0 -0.0137562
-1686.0 -0.0182122
-1685.0 -0.0226568
-1684.0 -0.0270778
-1683.0 -0.0314547
-1682.0 -0.0357668
-1681.0 -0.0400016
-1680.0 -0.0441608
-1679.0 -0.0482409
-1678.0 -0.0522241
-1677.0 -0.0560942
-1676.0 -0.0598413
-1675.0 -0.0634636
-1674.0 -0.0669597
-1673.0 -0.0703014
-1672.0 -0.073475
-1671.0 -0.0764816
-1670.0 -0.0793216
-1669.0 -0.0819825
-1668.0 -0.0844583
-1667.0 -0.0867315
-1666.0 -0.0888
-1665.0 -0.0906581
-1664.0 -0.0923058
-1663.0 -0.0937393
-1662.0 -0.094947
-1661.0 -0.0959213
-1660.0 -0.0966649
-1659.0 -0.0971782
-1658.0 -0.0974564
-1657.0 -0.0974983
-1656.0 -0.0973027
-1655.0 -0.096869
-1654.0 -0.0962014
-1653.0 -0.0952963
-1652.0 -0.0941568
-1651.0 -0.0927909
-1650.0 -0.0911983
-1649.0 -0.0893823
-1648.0 -0.0873414
-1647.0 -0.0850892
-1646.0 -0.0826288
-1645.0 -0.0799773
-1644.0 -0.0771225
-1643.0 -0.0740653
-1642.0 -0.0708239
-1641.0 -0.0674321
-1640.0 -0.0638911
-1639.0 -0.0601882
-1638.0 -0.0563235
-1637.0 -0.0523166
-1636.0 -0.0481905
-1635.0 -0.0439558
-1634.0 -0.0396142
-1633.0 -0.0351814
-1632.0 -0.0306592
-1631.0 -0.0260629
-1630.0 -0.0214123
-1629.0 -0.0167058
-1628.0 -0.0119481
-1627.0 -0.00716476
-1626.0 -0.00238059
-1625.0 0.00239988
-1624.0 0.00718386
-1623.0 0.0119642
-1622.0 0.0167093
-1621.0 0.0213969
-1620.0 0.026035
-1619.0 0.0306211
-1618.0 0.0351343
-1617.0 0.0395554
-1616.0 0.0438654
-1615.0 0.0480629
-1614.0 0.0521571
-1613.0 0.0561414
-1612.0 0.0599817
-1611.0 0.0636623
-1610.0 0.0671681
-1609.0 0.0705125
-1608.0 0.0736938
-1607.0 0.0766964
-1606.0 0.0795014
-1605.0 0.0820984
-1604.0 0.0844909
-1603.0 0.0866782
-1602.0 0.0886523
-1601.0 0.0903989
-1600.0 0.0919142
-1599.0 0.0931974
-1598.0 0.094243
-1597.0 0.095054
-1596.0 0.0956225
-1595.0 0.0959493
-1594.0 0.0960328
-1593.0 0.0958747
-1592.0 0.0954719
-1591.0 0.0948275
-1590.0 0.0939477
-1589.0 0.0928274
-1588.0 0.0914705
-1587.0 0.0898858
-1586.0 0.0880726
-1585.0 0.0860369
-1584.0 0.0837793
-1583.0 0.0813141
-1582.0 0.0786547
-1581.0 0.0758031
-1580.0 0.0727543
-1579.0 0.0695133
-1578.0 0.066097
-1577.0 0.0625273
-1576.0 0.0588123
-1575.0 0.0549512
-1574.0 0.050952
-1573.0 0.0468178
-1572.0 0.0425556
-1571.0 0.0381968
-1570.0 0.0337691
-1569.0 0.0292602
-1568.0 0.0246536
-1567.0 0.0199856
-1566.0 0.015276
-1565.0 0.0105344
-1564.0 0.00576051
-1563.0 0.000963652
-1562.0 -0.00383277
-1561.0 -0.00861396
-1560.0 -0.0133763
-1559.0 -0.0181035
-1558.0 -0.022793
-1557.0 -0.0274371
-1556.0 -0.0320199
-1555.0 -0.0365121
-1554.0 -0.0409141
-1553.0 -0.0452253
-1552.0 -0.0494406
-1551.0 -0.0535305
-1550.0 -0.0574734
-1549.0 -0.061289
-1548.0 -0.0649715
-1547.0 -0.0684937
-1546.0 -0.0718384
-1545.0 -0.074999
-1544.0 -0.0779855
-1543.0 -0.0807916
-1542.0 -0.0834088
-1541.0 -0.0858156
-1540.0 -0.088006
-1539.0 -0.0899742
-1538.0 -0.0917253
-1537.0 -0.0932607
-1536.0 -0.0945679
-1535.0 -0.0956409
-1534.0 -0.0964799
-1533.0 -0.0970831
-1532.0 -0.0974517
-1531.0 -0.097581
-1530.0 -0.0974743
-1529.0 -0.0971317
-1528.0 -0.0965536
-1527.0 -0.095744
-1526.0 -0.0947066
-1525.0 -0.0934443
-1524.0 -0.0919568
-1523.0 -0.0902442
-1522.0 -0.0883217
-1521.0 -0.0862007
-1520.0 -0.0838791
-1519.0 -0.0813595
-1518.0 -0.0786468
-1517.0 -0.0757562
-1516.0 -0.0727019
-1515.0 -0.0694884
-1514.0 -0.066109
-1513.0 -0.0625731
-1512.0 -0.0589102
-1511.0 -0.0551423
-1510.0 -0.051261
-1509.0 -0.0472576
-1508.0 -0.0431461
-1507.0 -0.0389544
-1506.0 -0.0346932
-1505.0 -0.0303814
-1504.0 -0.0260129
-1503.0 -0.0215985
-1502.0 -0.0171576
-1501.0 -0.0126848
-1500.0 -0.00820152
-1499.0 -0.00373225
-1498.0 0.000722906
-1497.0 0.00516081
-1496.0 0.00956318
-1495.0 0.0139167
-1494.0 0.018222
-1493.0 0.0224611
-1492.0 0.0266192
-1491.0 0.0306834
-1490.0 0.0346443
-1489.0 0.0385122
-1488.0 0.042259
-1487.0 0.0458747
-1486.0 0.0493543
-1485.0 0.0526998
-1484.0 0.0558933
-1483.0 0.058925
-1482.0 0.0617806
-1481.0 0.0644654
-1480.0 0.0669721
-1479.0 0.0692892
-1478.0 0.0714123
-1477.0 0.0733353
-1476.0 0.0750531
-1475.0 0.0765643
-1474.0 0.0778666
-1473.0 0.0789555
-1472.0 0.0798256
-1471.0 0.0804752
-1470.0 0.0809066
-1469.0 0.0811167
-1468.0 0.0811084
-1467.0 0.0808756
-1466.0 0.0804239
-1465.0 0.0797617
-1464.0 0.0788866
-1463.0 0.077795
-1462.0 0.0764907
-1461.0 0.0749803
-1460.0 0.0732703
-1459.0 0.0713767
-1458.0 0.0692986
-1457.0 0.0670307
-1456.0 0.0645823
-1455.0 0.0619634
-1454.0 0.0591886
-1453.0 0.0562594
-1452.0 0.0531817
-1451.0 0.0499692
-1450.0 0.0466266
-1449.0 0.043161
-1448.0 0.039586
-1447.0 0.0359122
-1446.0 0.0321454
-1445.0 0.0282973
-1444.0 0.0243787
-1443.0 0.0203969
-1442.0 0.0163583
-1441.0 0.0122628
-1440.0 0.00815574
-1439.0 0.00404443
-1438.0 -9.47152e-05
-1437.0 -0.00424579
-1436.0 -0.00838991
-1435.0 -0.0124984
-1434.0 -0.0165777
-1433.0 -0.0206297
-1432.0 -0.0246355
-1431.0 -0.0285597
-1430.0 -0.0324161
-1429.0 -0.0362091
-1428.0 -0.0399133
-1427.0 -0.0435055
-1426.0 -0.0469864
-1425.0 -0.0503492
-1424.0 -0.0535845
-1423.0 -0.0566897
-1422.0 -0.0596527
-1421.0 -0.0624608
-1420.0 -0.0651029
-1419.0 -0.0675726
-1418.0 -0.0698776
-1417.0 -0.0720062
-1416.0 -0.0739394
-1415.0 -0.0756774
-1414.0 -0.0772153
-1413.0 -0.0785508
-1412.0 -0.0796824
-1411.0 -0.0806028
-1410.0 -0.0813052
-1409.0 -0.0817927
-1408.0 -0.0820609
-1407.0 -0.0821085
-1406.0 -0.0819349
-1405.0 -0.0815405
-1404.0 -0.0809254
-1403.0 -0.0800895
-1402.0 -0.0790364
-1401.0 -0.0777664
-1400.0 -0.0762824
-1399.0 -0.0745902
-1398.0 -0.0726932
-1397.0 -0.0705992
-1396.0 -0.0683099
-1395.0 -0.0658241
-1394.0 -0.0631523
-1393.0 -0.0603059
-1392.0 -0.0572963
-1391.0 -0.0541271
-1390.0 -0.0508008
-1389.0 -0.0473158
-1388.0 -0.0436928
-1387.0 -0.0399428
-1386.0 -0.0360889
-1385.0 -0.0321213
-1384.0 -0.0280424
-1383.0 -0.0238754
-1382.0 -0.0196374
-1381.0 -0.0153276
-1380.0 -0.0109546
-1379.0 -0.00652618
-1378.0 -0.00205019
-1377.0 0.002446
-1376.0 0.00693326
-1375.0 0.0114262
-1374.0 0.0159282
-1373.0 0.0204296
-1372.0 0.0248959
-1371.0 0.0293042
-1370.0 0.0336642
-1369.0 0.037979
-1368.0 0.0422299
-1367.0 0.0463922
-1366.0 0.0504531
-1365.0 0.0544001
-1364.0 0.0582346
-1363.0 0.0619607
-1362.0 0.0655742
-1361.0 0.0690283
-1360.0 0.072307
-1359.0 0.0754201
-1358.0 0.0783879
-1357.0 0.0811859
-1356.0 0.0837959
-1355.0 0.0861991
-1354.0 0.0883965
-1353.0 0.0903924
-1352.0 0.0921848
-1351.0 0.0937624
-1350.0 0.0951156
-1349.0 0.0962377
-1348.0 0.0971291
-1347.0 0.0977897
-1346.0 0.0982178
-1345.0 0.0984097
-1344.0 0.098361
-1343.0 0.0980773
-1342.0 0.0975553
-1341.0 0.0967939
-1340.0 0.0957972
-1339.0 0.0945693
-1338.0 0.0931115
-1337.0 0.0914289
-1336.0 0.0895245
-1335.0 0.087401
-1334.0 0.0850606
-1333.0 0.0825169
-1332.0 0.0797772
-1331.0 0.0768466
-1330.0 0.0737278
-1329.0 0.0704329
-1328.0 0.0669577
-1327.0 0.0633163
-1326.0 0.0595367
-1325.0 0.0556285
-1324.0 0.0515863
-1323.0 0.047406
-1322.0 0.043108
-1321.0 0.0387192
-1320.0 0.0342444
-1319.0 0.0296833
-1318.0 0.0250431
-1317.0 0.0203429
-1316.0 0.015613
-1315.0 0.0108672
-1314.0 0.00608603
-1313.0 0.00125883
-1312.0 -0.0035588
-1311.0 -0.00834164
-1310.0 -0.0130945
-1309.0 -0.0178234
-1308.0 -0.0225288
-1307.0 -0.0271841
-1306.0 -0.0317547
-1305.0 -0.0362224
-1304.0 -0.0405978
-1303.0 -0.0448952
-1302.0 -0.0490958
-1301.0 -0.0531696
-1300.0 -0.0570904
-1299.0 -0.0608601
-1298.0 -0.0644936
-1297.0 -0.0679665
-1296.0 -0.0712673
-1295.0 -0.0743866
-1294.0 -0.0773116
-1293.0 -0.0800444
-1292.0 -0.0825744
-1291.0 -0.0849009
-1290.0 -0.0870128
-1289.0 -0.0889003
-1288.0 -0.0905568
-1287.0 -0.0919864
-1286.0 -0.0931844
-1285.0 -0.0941379
-1284.0 -0.0948516
-1283.0 -0.0953274
-1282.0 -0.0955596
-1281.0 -0.0955441
-1280.0 -0.0952868
-1279.0 -0.0947875
-1278.0 -0.0940422
-1277.0 -0.0930545
-1276.0 -0.0918306
-1275.0 -0.0903763
-1274.0 -0.0886937
-1273.0 -0.0867839
-1272.0 -0.0846527
-1271.0 -0.0823019
-1270.0 -0.0797419
-1269.0 -0.0769867
-1268.0 -0.0740431
-1267.0 -0.0709098
-1266.0 -0.0675896
-1265.0 -0.0641055
-1264.0 -0.0604673
-1263.0 -0.0566748
-1262.0 -0.0527291
-1261.0 -0.0486606
-1260.0 -0.0444845
-1259.0 -0.0401944
-1258.0 -0.0357996
-1257.0 -0.0313054
-1256.0 -0.0267268
-1255.0 -0.0220889
-1254.0 -0.0174137
-1253.0 -0.0126964
-1252.0 -0.00793642
-1251.0 -0.00314171
-1250.0 0.00166198
-1249.0 0.00644646
-1248.0 0.0112126
-1247.0 0.0159633
-1246.0 0.0206868
-1245.0 0.0253632
-1244.0 0.0299689
-1243.0 0.0344965
-1242.0 0.0389481
-1241.0 0.0433129
-1240.0 0.0475747
-1239.0 0.0517239
-1238.0 0.0557494
-1237.0 0.0596366
-1236.0 0.063387
-1235.0 0.0669881
-1234.0 0.070421
-1233.0 0.0736695
-1232.0 0.0767467
-1231.0 0.0796453
-1230.0 0.082353
-1229.0 0.0848566
-1228.0 0.0871504
-1227.0 0.0892342
-1226.0 0.0910964
-1225.0 0.0927416
-1224.0 0.0941606
-1223.0 0.0953428
-1222.0 0.096291
-1221.0 0.0970086
-1220.0 0.0974921
-1219.0 0.097737
-1218.0 0.0977422
-1217.0 0.0975134
-1216.0 0.0970524
-1215.0 0.0963527
-1214.0 0.0954163
-1213.0 0.0942503
-1212.0 0.0928702
-1211.0 0.0912709
-1210.0 0.0894538
-1209.0 0.0874257
-1208.0 0.0851803
-1207.0 0.0827365
-1206.0 0.0801234
-1205.0 0.0773313
-1204.0 0.0743468
-1203.0 0.0711773
-1202.0 0.0678533
-1201.0 0.064403
-1200.0 0.0608269
-1199.0 0.0571127
-1198.0 0.053241
-1197.0 0.0492452
-1196.0 0.045177
-1195.0 0.0410489
-1194.0 0.0368478
-1193.0 0.0325458
-1192.0 0.0281486
-1191.0 0.0237109
-1190.0 0.0192875
-1189.0 0.0148729
-1188.0 0.0103876
-1187.0 0.00585613
-1186.0 0.0013537
-1185.0 -0.00309823
-1184.0 -0.00749616
-1183.0 -0.0118718
-1182.0 -0.0162295
-1181.0 -0.0205315
-1180.0 -0.0247372
-1179.0 -0.028844
-1178.0 -0.0328588
-1177.0 -0.0367955
-1176.0 -0.0406392
-1175.0 -0.0443417
-1174.0 -0.0478889
-1173.0 -0.0513007
-1172.0 -0.0545804
-1171.0 -0.0577222
-1170.0 -0.0606883
-1169.0 -0.0634588
-1168.0 -0.066056
-1167.0 -0.0684858
-1166.0 -0.0707279
-1165.0 -0.0727667
-1164.0 -0.0745989
-1163.0 -0.0762262
-1162.0 -0.0776481
-1161.0 -0.0788577
-1160.0 -0.0798478
-1159.0 -0.0806213
-1158.0 -0.0811764
-1157.0 -0.0815124
-1156.0 -0.0816272
-1155.0 -0.0815187
-1154.0 -0.0811943
-1153.0 -0.080651
-1152.0 -0.079892
-1151.0 -0.0789194
-1150.0 -0.0777368
-1149.0 -0.0763455
-1148.0 -0.0747498
-1147.0 -0.0729631
-1146.0 -0.0709932
-1145.0 -0.068832
-1144.0 -0.0664784
-1143.0 -0.0639504
-1142.0 -0.0612711
-1141.0 -0.0584464
-1140.0 -0.0554662
-1139.0 -0.0523232
-1138.0 -0.0490376
-1137.0 -0.045647
-1136.0 -0.0421546
-1135.0 -0.0385611
-1134.0 -0.0348387
-1133.0 -0.0310128
-1132.0 -0.0271358
-1131.0 -0.0232244
-1130.0 -0.0192482
-1129.0 -0.0151837
-1128.0 -0.0110709
-1127.0 -0.00695937
-1126.0 -0.00286034
-1125.0 0.00125525
-1124.0 0.00541124
-1123.0 0.00956059
-1122.0 0.0136417
-1121.0 0.0176605
-1120.0 0.0216665
-1119.0 0.0256492
-1118.0 0.0295575
-1117.0 0.0333714
-1116.0 0.037083
-1115.0 0.0407048
-1114.0 0.0442596
-1113.0 0.0477101
-1112.0 0.0510038
-1111.0 0.0541402
-1110.0 0.057152
-1109.0 0.0600596
-1108.0 0.0628031
-1107.0 0.0653554
-1106.0 0.0677189
-1105.0 0.0699274
-1104.0 0.0719723
-1103.0 0.0738221
-1102.0 0.0754572
-1101.0 0.0768836
-1100.0 0.0781145
-1099.0 0.0791456
-1098.0 0.0799617
-1097.0 0.0805545
-1096.0 0.0809305
-1095.0 0.0810889
-1094.0 0.081026
-1093.0 0.0807402
-1092.0 0.0802329
-1091.0 0.079511
-1090.0 0.0785736
-1089.0 0.0774135
-1088.0 0.0760291
-1087.0 0.0744369
-1086.0 0.0726509
-1085.0 0.0706583
-1084.0 0.0684563
-1083.0 0.0660582
-1082.0 0.0634911
-1081.0 0.0607505
-1080.0 0.0578198
-1079.0 0.0547103
-1078.0 0.051455
-1077.0 0.0480552
-1076.0 0.0445198
-1075.0 0.0408335
-1074.0 0.0370134
-1073.0 0.0330863
-1072.0 0.0290689
-1071.0 0.0249649
-1070.0 0.020767
-1069.0 0.0164713
-1068.0 0.0121082
-1067.0 0.00771757
-1066.0 0.00329304
-1065.0 -0.0011839
-1064.0 -0.00569593
-1063.0 -0.0102089
-1062.0 -0.0146971
-1061.0 -0.0191757
-1060.0 -0.0236651
-1059.0 -0.0281229
-1058.0 -0.0325112
-1057.0 -0.0368287
-1056.0 -0.0410915
-1055.0 -0.0453035
-1054.0 -0.0494201
-1053.0 -0.0534189
-1052.0 -0.0573046
-1051.0 -0.0610776
-1050.0 -0.0647339
-1049.0 -0.0682499
-1048.0 -0.0716152
-1047.0 -0.074807
-1046.0 -0.0778378
-1045.0 -0.0807132
-1044.0 -0.0834006
-1043.0 -0.085887
-1042.0 -0.0881804
-1041.0 -0.0902731
-1040.0 -0.0921511
-1039.0 -0.0938127
-1038.0 -0.0952558
-1037.0 -0.0964752
-1036.0 -0.097466
-1035.0 -0.098222
-1034.0 -0.0987429
-1033.0 -0.0990277
-1032.0 -0.0990728
-1031.0 -0.0988802
-1030.0 -0.0984462
-1029.0 -0.097775
-1028.0 -0.0968633
-1027.0 -0.0957217
-1026.0 -0.0943496
-1025.0 -0.0927443
-1024.0 -0.0909114
-1023.0 -0.0888591
-1022.0 -0.0865887
-1021.0 -0.0841124
-1020.0 -0.0814345
-1019.0 -0.0785612
-1018.0 -0.0754871
-1017.0 -0.072229
-1016.0 -0.0687983
-1015.0 -0.065222
-1014.0 -0.0614852
-1013.0 -0.05757
-1012.0 -0.0535187
-1011.0 -0.0493704
-1010.0 -0.0451263
-1009.0 -0.0407449
-1008.0 -0.0362273
-1007.0 -0.0316427
-1006.0 -0.027016
-1005.0 -0.0223494
-1004.0 -0.0175989
-1003.0 -0.0127743
-1002.0 -0.00790372
-1001.0 -0.00307142
-1000.0 0.00172092
-999.0 0.00653184
-998.0 0.0114087
-997.0 0.0162536
-996.0 0.0209845
-995.0 0.0256321
-994.0 0.0302668
-993.0 0.0348818
-992.0 0.039396
-991.0 0.0437509
-990.0 0.0479746
-989.0 0.0521244
-988.0 0.0562003
-987.0 0.0601212
-986.0 0.0638401
-985.0 0.0673848
-984.0 0.0707933
-983.0 0.074059
-982.0 0.0771334
-981.0 0.079986
-980.0 0.0826228
-979.0 0.0850702
-978.0 0.0873286
-977.0 0.0893686
-976.0 0.0911577
-975.0 0.0927048
-974.0 0.0940352
-973.0 0.0951434
-972.0 0.0960036
-971.0 0.0966147
-970.0 0.0969796
-969.0 0.0971031
-968.0 0.0969805
-967.0 0.0966101
-966.0 0.0959962
-965.0 0.0951479
-964.0 0.0940645
-963.0 0.0927307
-962.0 0.0911504
-961.0 0.0893522
-960.0 0.0873476
-959.0 0.0851334
-958.0 0.0826891
-957.0 0.0800108
-956.0 0.0771463
-955.0 0.0741186
-954.0 0.0709184
-953.0 0.0675183
-952.0 0.0639292
-951.0 0.0601895
-950.0 0.0563298
-949.0 0.052352
-948.0 0.0482382
-947.0 0.0439685
-946.0 0.0395885
-945.0 0.0351392
-944.0 0.0306418
-943.0 0.026051
-942.0 0.0213412
-941.0 0.0165869
-940.0 0.0118506
-939.0 0.00711245
-938.0 0.0023208
-937.0 -0.00252285
-936.0 -0.00734206
-935.0 -0.0121093
-934.0 -0.0168283
-933.0 -0.021512
-932.0 -0.0261831
-931.0 -0.0307997
-930.0 -0.0353173
-929.0 -0.039714
-928.0 -0.0440157
-927.0 -0.0482525
-926.0 -0.0523861
-925.0 -0.0563507
-924.0 -0.0601549
-923.0 -0.0638404
-922.0 -0.0674012
-921.0 -0.0707853
-920.0 -0.0739576
-919.0 -0.0769352
-918.0 -0.0797653
-917.0 -0.0824111
-916.0 -0.0848355
-915.0 -0.0870299
-914.0 -0.0890131
-913.0 -0.0907991
-912.0 -0.0923649
-911.0 -0.0936884
-910.0 -0.094773
-909.0 -0.0956289
-908.0 -0.0962568
-907.0 -0.0966496
-906.0 -0.0968003
-905.0 -0.0967134
-904.0 -0.096397
-903.0 -0.0958415
-902.0 -0.0950447
-901.0 -0.0940275
-900.0 -0.0927941
-899.0 -0.0913313
-898.0 -0.0896394
-897.0 -0.0877317
-896.0 -0.0856333
-895.0 -0.0833442
-894.0 -0.0808492
-893.0 -0.0781521
-892.0 -0.0752709
-891.0 -0.07224
-890.0 -0.069058
-889.0 -0.06571
-888.0 -0.0621991
-887.0 -0.0585543
-886.0 -0.0547916
-885.0 -0.050929
-884.0 -0.0469635
-883.0 -0.0428808
-882.0 -0.0386957
-881.0 -0.0344591
-880.0 -0.0301781
-879.0 -0.0258179
-878.0 -0.0213996
-877.0 -0.016967
-876.0 -0.012542
-875.0 -0.00809238
-874.0 -0.00362505
-873.0 0.000843787
-872.0 0.00525926
-871.0 0.00963055
-870.0 0.0139663
-869.0 0.018261
-868.0 0.0224905
-867.0 0.026631
-866.0 0.0306678
-865.0 0.0346133
-864.0 0.0384852
-863.0 0.0422455
-862.0 0.0458522
-861.0 0.049303
-860.0 0.052634
-859.0 0.0558414
-858.0 0.0588821
-857.0 0.0617262
-856.0 0.0643922
-855.0 0.0669025
-854.0 0.0692295
-853.0 0.0713526
-852.0 0.0732763
-851.0 0.0749974
-850.0 0.0765167
-849.0 0.0778276
-848.0 0.0789188
-847.0 0.0797969
-846.0 0.080456
-845.0 0.0808966
-844.0 0.0811189
-843.0 0.0811202
-842.0 0.080902
-841.0 0.0804675
-840.0 0.0798148
-839.0 0.0789459
-838.0 0.0778737
-837.0 0.0765949
-836.0 0.0751059
-835.0 0.0734084
-834.0 0.0715284
-833.0 0.0694804
-832.0 0.0672372
-831.0 0.0647908
-830.0 0.0621807
-829.0 0.0594398
-828.0 0.0565537
-827.0 0.0534939
-826.0 0.0502779
-825.0 0.0469455
-824.0 0.0435197
-823.0 0.0399901
-822.0 0.0363393
-821.0 0.0325666
-820.0 0.0287163
-819.0 0.0248347
-818.0 0.0208982
-817.0 0.0168815
-816.0 0.0128001
-815.0 0.0086851
-814.0 0.00459054
-813.0 0.000498283
-812.0 -0.00362814
-811.0 -0.00778512
-810.0 -0.0118952
-809.0 -0.0159454
-808.0 -0.0199592
-807.0 -0.023954
-806.0 -0.0279061
-805.0 -0.0317617
-804.0 -0.0355057
-803.0 -0.0391763
-802.0 -0.0427804
-801.0 -0.0462776
-800.0 -0.0496437
-799.0 -0.0528616
-798.0 -0.0559524
-797.0 -0.0589191
-796.0 -0.0617413
-795.0 -0.0643906
-794.0 -0.0668536
-793.0 -0.0691575
-792.0 -0.0712937
-791.0 -0.0732448
-790.0 -0.0749851
-789.0 -0.0765256
-788.0 -0.0778789
-787.0 -0.0790278
-786.0 -0.0799547
-785.0 -0.0806679
-784.0 -0.0811696
-783.0 -0.0814549
-782.0 -0.0815182
-781.0 -0.0813607
-780.0 -0.0809848
-779.0 -0.0803911
-778.0 -0.0795752
-777.0 -0.0785353
-776.0 -0.0772841
-775.0 -0.0758292
-774.0 -0.0741643
-773.0 -0.0722846
-772.0 -0.0701971
-771.0 -0.0679294
-770.0 -0.0654866
-769.0 -0.0628443
-768.0 -0.0600056
-767.0 -0.0570017
-766.0 -0.053875
-765.0 -0.0505816
-764.0 -0.0471099
-763.0 -0.0434901
-762.0 -0.0397838
-761.0 -0.0359684
-760.0 -0.0320215
-759.0 -0.0279421
-758.0 -0.0237698
-757.0 -0.0195479
-756.0 -0.0152835
-755.0 -0.0109518
-754.0 -0.00653175
-753.0 -0.00205737
-752.0 0.0024118
-751.0 0.00686513
-750.0 0.0113405
-749.0 0.0158483
-748.0 0.0203442
-747.0 0.0247889
-746.0 0.0291663
-745.0 0.0335095
-744.0 0.0378307
-743.0 0.0420634
-742.0 0.0461926
-741.0 0.0502287
-740.0 0.0541796
-739.0 0.0580144
-738.0 0.0617255
-737.0 0.0653026
-736.0 0.0687405
-735.0 0.0720146
-734.0 0.0751199
-733.0 0.0780696
-732.0 0.0808587
-731.0 0.0834519
-730.0 0.085838
-729.0 0.088024
-728.0 0.0900135
-727.0 0.0917973
-726.0 0.0933551
-725.0 0.0946843
-724.0 0.0957891
-723.0 0.096668
-722.0 0.0973165
-721.0 0.0977259
-720.0 0.0978947
-719.0 0.0978279
-718.0 0.0975236
-717.0 0.0969747
-716.0 0.0961896
-715.0 0.0951793
-714.0 0.0939383
-713.0 0.0924521
-712.0 0.0907339
-711.0 0.0887994
-710.0 0.0866556
-709.0 0.0843069
-708.0 0.0817351
-707.0 0.07895
-706.0 0.0759876
-705.0 0.0728606
-704.0 0.0695443
-703.0 0.0660376
-702.0 0.0623676
-701.0 0.0585637
-700.0 0.054634
-699.0 0.0505639
-698.0 0.0463471
-697.0 0.0420033
-696.0 0.0376059
-695.0 0.0331415
-694.0 0.0285622
-693.0 0.0238685
-692.0 0.0191278
-691.0 0.0144159
-690.0 0.00968237
-689.0 0.00486774
-688.0 -6.49402e-06
-687.0 -0.00486203
-686.0 -0.00964309
-685.0 -0.0143724
-684.0 -0.0190988
-683.0 -0.023858
-682.0 -0.0285391
-681.0 -0.0330837
-680.0 -0.037515
-679.0 -0.0418969
-678.0 -0.046245
-677.0 -0.0504702
-676.0 -0.0545111
-675.0 -0.0583774
-674.0 -0.0621258
-673.0 -0.0657916
-672.0 -0.0692965
-671.0 -0.0725727
-670.0 -0.075637
-669.0 -0.0785316
-668.0 -0.0812813
-667.0 -0.083841
-666.0 -0.0861489
-665.0 -0.0882178
-664.0 -0.0900623
-663.0 -0.0917157
-662.0 -0.0931475
-661.0 -0.0943232
-660.0 -0.09525
-659.0 -0.0959407
-658.0 -0.0963971
-657.0 -0.0966076
-656.0 -0.0965697
-655.0 -0.0962911
-654.0 -0.0957725
-653.0 -0.0950027
-652.0 -0.0939854
-651.0 -0.0927342
-650.0 -0.0912651
-649.0 -0.0895719
-648.0 -0.0876329
-647.0 -0.0854561
-646.0 -0.0830735
-645.0 -0.0805102
-644.0 -0.0777507
-643.0 -0.0747711
-642.0 -0.071581
-641.0 -0.0682351
-640.0 -0.0647547
-639.0 -0.0611085
-638.0 -0.0572649
-637.0 -0.0532615
-636.0 -0.0491798
-635.0 -0.0450126
-634.0 -0.0406933
-633.0 -0.0362191
-632.0 -0.0316863
-631.0 -0.0271227
-630.0 -0.0224958
-629.0 -0.0177771
-628.0 -0.0129786
-627.0 -0.00817482
-626.0 -0.0034035
-625.0 0.00137583
-624.0 0.00620324
-623.0 0.0110566
-622.0 0.0158559
-621.0 0.0205474
-620.0 0.0251785
-619.0 0.0298299
-618.0 0.0344553
-617.0 0.0389395
-616.0 0.0432788
-615.0 0.0475161
-614.0 0.0516928
-613.0 0.0557753
-612.0 0.0596818
-611.0 0.0634165
-610.0 0.0670002
-609.0 0.0704451
-608.0 0.0737421
-607.0 0.0768388
-606.0 0.0797293
-605.0 0.0824278
-604.0 0.084932
-603.0 0.0872436
-602.0 0.0893406
-601.0 0.0912009
-600.0 0.0928333
-599.0 0.0942469
-598.0 0.0954378
-597.0 0.0963951
-596.0 0.0971107
-595.0 0.0975886
-594.0 0.0978304
-593.0 0.0978343
-592.0 0.0976003
-591.0 0.0971305
-590.0 0.0964253
-589.0 0.0954927
-588.0 0.0943318
-587.0 0.0929392
-586.0 0.0913198
-585.0 0.0894904
-584.0 0.0874592
-583.0 0.0852299
-582.0 0.0827931
-581.0 0.080154
-580.0 0.0773334
-579.0 0.0743471
-578.0 0.0711988
-577.0 0.067892
-576.0 0.0644227
-575.0 0.0608104
-574.0 0.0570813
-573.0 0.05324
-572.0 0.0492785
-571.0 0.0452024
-570.0 0.0410377
-569.0 0.0368067
-568.0 0.0325125
-567.0 0.0281448
-566.0 0.0237266
-565.0 0.0192788
-564.0 0.014822
-563.0 0.0103508
-562.0 0.00585754
-561.0 0.00136143
-560.0 -0.00309338
-559.0 -0.00749825
-558.0 -0.0118811
-557.0 -0.0162354
-556.0 -0.0205228
-555.0 -0.0247162
-554.0 -0.0288098
-553.0 -0.0328273
-552.0 -0.0367727
-551.0 -0.0405994
-550.0 -0.0442779
-549.0 -0.0478078
-548.0 -0.0512161
-547.0 -0.0545035
-546.0 -0.0576321
-545.0 -0.0605803
-544.0 -0.0633394
-543.0 -0.0659269
-542.0 -0.0683446
-541.0 -0.0705748
-540.0 -0.0726029
-539.0 -0.0744187
-538.0 -0.0760266
-537.0 -0.0774365
-536.0 -0.0786403
-535.0 -0.0796219
-534.0 -0.0803805
-533.0 -0.0809205
-532.0 -0.0812417
-531.0 -0.0813446
-530.0 -0.0812245
-529.0 -0.0808854
-528.0 -0.0803286
-527.0 -0.0795604
-526.0 -0.078576
-525.0 -0.0773783
-524.0 -0.075974
-523.0 -0.0743725
-522.0 -0.0725811
-521.0 -0.0705964
-520.0 -0.0684166
-519.0 -0.0660543
-518.0 -0.0635294
-517.0 -0.0608457
-516.0 -0.0580011
-515.0 -0.0549973
-514.0 -0.0518451
-513.0 -0.0485731
-512.0 -0.0451852
-511.0 -0.0416894
-510.0 -0.0380749
-509.0 -0.0343555
-508.0 -0.0305325
-507.0 -0.0266547
-506.0 -0.0227429
-505.0 -0.0187545
-504.0 -0.0146864
-503.0 -0.0105712
-502.0 -0.00645541
-501.0 -0.00235826
-500.0 0.00174864
-499.0 0.00588522
-498.0 0.0100291
-497.0 0.0141346
-496.0 0.0181753
-495.0 0.0221587
-494.0 0.0261048
-493.0 0.0300116
-492.0 0.033837
-491.0 0.0375572
-490.0 0.0411796
-489.0 0.0447
-488.0 0.0481286
-487.0 0.0514253
-486.0 0.0545779
-485.0 0.0575878
-484.0 0.0604528
-483.0 0.063182
-482.0 0.0657343
-481.0 0.068111
-480.0 0.0703082
-479.0 0.0723255
-478.0 0.0741489
-477.0 0.0757801
-476.0 0.0772103
-475.0 0.0784344
-474.0 0.0794501
-473.0 0.0802528
-472.0 0.0808397
-471.0 0.0812088
-470.0 0.0813588
-469.0 0.0812881
-468.0 0.0809962
-467.0 0.0804829
-466.0 0.0797516
-465.0 0.0788028
-464.0 0.0776338
-463.0 0.0762528
-462.0 0.0746621
-461.0 0.0728634
-460.0 0.0708642
-459.0 0.0686726
-458.0 0.0662879
-457.0 0.063709
-456.0 0.0609436
-455.0 0.0580143
-454.0 0.0549275
-453.0 0.051679
-452.0 0.0482716
-451.0 0.0447283
-450.0 0.041058
-449.0 0.0372687
-448.0 0.0333619
-447.0 0.0293358
-446.0 0.025222
-445.0 0.0210302
-444.0 0.0167673
-443.0 0.0124406
-442.0 0.00804608
-441.0 0.00361285
-440.0 -0.000833579
-439.0 -0.00529808
-438.0 -0.00978563
-437.0 -0.0142837
-436.0 -0.0187626
-435.0 -0.0231943
-434.0 -0.0276003
-433.0 -0.0319925
-432.0 -0.0363232
-431.0 -0.0405591
-430.0 -0.0447053
-429.0 -0.048779
-428.0 -0.0527776
-427.0 -0.056655
-426.0 -0.0603982
-425.0 -0.0640126
-424.0 -0.0674975
-423.0 -0.0708405
-422.0 -0.0740216
-421.0 -0.0770248
-420.0 -0.0798515
-419.0 -0.0825046
-418.0 -0.0849822
-417.0 -0.0872641
-416.0 -0.089323
-415.0 -0.091165
-414.0 -0.092803
-413.0 -0.0942312
-412.0 -0.0954305
-411.0 -0.0963952
-410.0 -0.0971269
-409.0 -0.0976321
-408.0 -0.097898
-407.0 -0.0979275
-406.0 -0.0977205
-405.0 -0.0972742
-404.0 -0.0965927
-403.0 -0.0956719
-402.0 -0.0945154
-401.0 -0.0931345
-400.0 -0.0915272
-399.0 -0.0896982
-398.0 -0.0876359
-397.0 -0.0853586
-396.0 -0.0828869
-395.0 -0.0802242
-394.0 -0.0773551
-393.0 -0.074283
-392.0 -0.0710321
-391.0 -0.0676148
-390.0 -0.0640476
-389.0 -0.0603272
-388.0 -0.0564435
-387.0 -0.0524227
-386.0 -0.0482785
-385.0 -0.0440273
-384.0 -0.0396816
-383.0 -0.035225
-382.0 -0.0306633
-381.0 -0.0260525
-380.0 -0.0213989
-379.0 -0.0167
-378.0 -0.0119171
-377.0 -0.00710849
-376.0 -0.0023163
-375.0 0.00247192
-374.0 0.0072827
-373.0 0.0120827
-372.0 0.0168417
-371.0 0.0215446
-370.0 0.0261842
-369.0 0.0307717
-368.0 0.0353061
-367.0 0.0397549
-366.0 0.0440884
-365.0 0.0482915
-364.0 0.0523708
-363.0 0.0563537
-362.0 0.0602207
-361.0 0.0639181
-360.0 0.0674259
-359.0 0.0707635
-358.0 0.0739602
-357.0 0.076988
-356.0 0.0797921
-355.0 0.082373
-354.0 0.0847726
-353.0 0.0869824
-352.0 0.0889555
-351.0 0.090691
-350.0 0.0921949
-349.0 0.0934755
-348.0 0.0945265
-347.0 0.0953333
-346.0 0.0958917
-345.0 0.0962093
-344.0 0.0962833
-343.0 0.0961122
-342.0 0.0956947
-341.0 0.0950382
-340.0 0.094148
-339.0 0.0930099
-338.0 0.0916225
-337.0 0.0900078
-336.0 0.0881837
-335.0 0.0861458
-334.0 0.0838694
-333.0 0.0813603
-332.0 0.0786593
-331.0 0.0757902
-330.0 0.0727414
-329.0 0.0694763
-328.0 0.0660114
-327.0 0.0623936
-326.0 0.0586534
-325.0 0.0547952
-324.0 0.0507744
-323.0 0.0465701
-322.0 0.0422525
-321.0 0.0378918
-320.0 0.0334673
-319.0 0.0289286
-318.0 0.0242474
-317.0 0.019514
-316.0 0.014799
-315.0 0.0100721
-314.0 0.00529433
-313.0 0.000435773
-312.0 -0.00444423
-311.0 -0.00925073
-310.0 -0.0139904
-309.0 -0.018711
-308.0 -0.0234678
-307.0 -0.0281915
-306.0 -0.0327819
-305.0 -0.0372439
-304.0 -0.0416427
-303.0 -0.0460287
-302.0 -0.0503128
-301.0 -0.0544062
-300.0 -0.0583273
-299.0 -0.0621363
-298.0 -0.0658577
-297.0 -0.0694268
-296.0 -0.0727807
-295.0 -0.0759281
-294.0 -0.0789176
-293.0 -0.0817555
-292.0 -0.0843912
-291.0 -0.0867943
-290.0 -0.0889694
-289.0 -0.0909433
-288.0 -0.0927223
-287.0 -0.0942688
-286.0 -0.0955646
-285.0 -0.0966255
-284.0 -0.0974625
-283.0 -0.098069
-282.0 -0.0984329
-281.0 -0.0985565
-280.0 -0.0984428
-279.0 -0.0980939
-278.0 -0.097499
-277.0 -0.0966715
-276.0 -0.0956266
-275.0 -0.0943615
-274.0 -0.0928579
-273.0 -0.0911142
-272.0 -0.0891728
-271.0 -0.0870459
-270.0 -0.0847229
-269.0 -0.0821747
-268.0 -0.0794128
-267.0 -0.0764951
-266.0 -0.0734456
-265.0 -0.0702464
-264.0 -0.0668377
-263.0 -0.0632416
-262.0 -0.059554
-261.0 -0.0557961
-260.0 -0.0519214
-259.0 -0.0478735
-258.0 -0.0436882
-257.0 -0.0394669
-256.0 -0.0352501
-255.0 -0.0309533
-254.0 -0.0265367
-253.0 -0.0220342
-252.0 -0.0175473
-251.0 -0.0130938
-250.0 -0.00865224
-249.0 -0.00415903
-248.0 0.000364803
-247.0 0.00485173
-246.0 0.0092425
-245.0 0.0135614
-244.0 0.017875
-243.0 0.0221701
-242.0 0.026364
-241.0 0.0304206
-240.0 0.0343806
-239.0 0.038267
-238.0 0.0420516
-237.0 0.0456889
-236.0 0.0491657
-235.0 0.0525027
-234.0 0.0557091
-233.0 0.0587682
-232.0 0.0616415
-231.0 0.0643305
-230.0 0.0668379
-229.0 0.0691683
-228.0 0.0713061
-227.0 0.0732367
-226.0 0.0749586
-225.0 0.0764826
-224.0 0.0777963
-223.0 0.0788948
-222.0 0.0797695
-221.0 0.0804257
-220.0 0.0808662
-219.0 0.0810858
-218.0 0.0810821
-217.0 0.0808631
-216.0 0.0804209
-215.0 0.0797594
-214.0 0.0788879
-213.0 0.0778071
-212.0 0.0765167
-211.0 0.0750142
-210.0 0.0733124
-209.0 0.0714286
-208.0 0.0693608
-207.0 0.0671011
-206.0 0.0646557
-205.0 0.0620445
-204.0 0.059278
-203.0 0.0563751
-202.0 0.0533169
-201.0 0.0500986
-200.0 0.0467481
-199.0 0.0433015
-198.0 0.0397731
-197.0 0.0361249
-196.0 0.0323198
-195.0 0.0284558
-194.0 0.0245869
-193.0 0.0206639
-192.0 0.016617
-191.0 0.0124971
-190.0 0.00839038
-189.0 0.00430218
-188.0 0.000205752
-187.0 -0.00393324
-186.0 -0.0080898
-185.0 -0.01221
-184.0 -0.0162737
-183.0 -0.0202756
-182.0 -0.0242474
-181.0 -0.0281968
-180.0 -0.0320738
-179.0 -0.0358443
-178.0 -0.0395038
-177.0 -0.0430753
-176.0 -0.0465659
-175.0 -0.0499498
-174.0 -0.0531783
-173.0 -0.0562541
-172.0 -0.0591987
-171.0 -0.0619972
-170.0 -0.0646545
-169.0 -0.0671348
-168.0 -0.0694294
-167.0 -0.0715359
-166.0 -0.0734578
-165.0 -0.0752001
-164.0 -0.0767475
-163.0 -0.0780845
-162.0 -0.0792092
-161.0 -0.0801273
-160.0 -0.0808352
-159.0 -0.0813234
-158.0 -0.0815918
-157.0 -0.0816423
-156.0 -0.0814731
-155.0 -0.0810831
-154.0 -0.0804725
-153.0 -0.079642
-152.0 -0.0785934
-151.0 -0.0773346
-150.0 -0.0758682
-149.0 -0.0741862
-148.0 -0.0722886
-147.0 -0.0701943
-146.0 -0.067926
-145.0 -0.0654705
-144.0 -0.0628122
-143.0 -0.0599679
-142.0 -0.0569665
-141.0 -0.0538129
-140.0 -0.0505059
-139.0 -0.0470432
-138.0 -0.0434365
-137.0 -0.0397066
-136.0 -0.0358709
-135.0 -0.0319329
-134.0 -0.027888
-133.0 -0.0237279
-132.0 -0.0194919
-131.0 -0.0152155
-130.0 -0.0108829
-129.0 -0.00648432
-128.0 -0.00202656
-127.0 0.00243415
-126.0 0.00689472
-125.0 0.0113735
-124.0 0.0158604
-123.0 0.0203231
-122.0 0.024739
-121.0 0.0291288
-120.0 0.0334692
-119.0 0.037748
-118.0 0.0419659
-117.0 0.0460978
-116.0 0.0501214
-115.0 0.0540325
-114.0 0.0578484
-113.0 0.061556
-112.0 0.0651269
-111.0 0.068531
-110.0 0.071776
-109.0 0.074881
-108.0 0.0778311
-107.0 0.0805962
-106.0 0.0831578
-105.0 0.0855237
-104.0 0.0877021
-103.0 0.0896787
-102.0 0.0914451
-101.0 0.0929901
-100.0 0.0943083
-99.0 0.0954051
-98.0 0.096277
-97.0 0.0969179
-96.0 0.0973187
-95.0 0.0974851
-94.0 0.0974179
-93.0 0.0971078
-92.0 0.0965623
-91.0 0.0957851
-90.0 0.0947783
-89.0 0.0935359
-88.0 0.0920475
-87.0 0.0903442
-86.0 0.088437
-85.0 0.0863152
-84.0 0.0839694
-83.0 0.0814034
-82.0 0.0786379
-81.0 0.075702
-80.0 0.0725974
-79.0 0.069306
-78.0 0.0658172
-77.0 0.0621543
-76.0 0.0583825
-75.0 0.0544961
-74.0 0.0504595
-73.0 0.046254
-72.0 0.0419448
-71.0 0.0375882
-70.0 0.033163
-69.0 0.0286012
-68.0 0.0239342
-67.0 0.0192427
-66.0 0.0145635
-65.0 0.00985166
-64.0 0.0050644
-63.0 0.000240573
-62.0 -0.00455876
-61.0 -0.00929963
-60.0 -0.014007
-59.0 -0.0187295
-58.0 -0.0234359
-57.0 -0.0280494
-56.0 -0.0325508
-55.0 -0.0369716
-54.0 -0.0413511
-53.0 -0.0456632
-52.0 -0.0498182
-51.0 -0.0537908
-50.0 -0.0576434
-49.0 -0.06143
-48.0 -0.0650607
-47.0 -0.0684925
-46.0 -0.0717219
-45.0 -0.074789
-44.0 -0.0776971
-43.0 -0.0804195
-42.0 -0.0829217
-41.0 -0.0851986
-40.0 -0.087259
-39.0 -0.0891211
-38.0 -0.0907674
-37.0 -0.0921737
-36.0 -0.0933349
-35.0 -0.0942618
-34.0 -0.0949576
-33.0 -0.0954152
-32.0 -0.0956287
-31.0 -0.0955984
-30.0 -0.0953288
-29.0 -0.0948162
-28.0 -0.0940571
-27.0 -0.093063
-26.0 -0.0918413
-25.0 -0.09039
-24.0 -0.0887049
-23.0 -0.0867838
-22.0 -0.084647
-21.0 -0.0823142
-20.0 -0.079786
-19.0 -0.0770454
-18.0 -0.0740783
-17.0 -0.070921
-16.0 -0.0676368
-15.0 -0.0642055
-14.0 -0.060575
-13.0 -0.0567516
-12.0 -0.0528169
-11.0 -0.0487921
-10.0 -0.044638
-9.0 -0.0403337
-8.0 -0.0359188
-7.0 -0.0314364
-6.0 -0.0269005
-5.0 -0.0222951
-4.0 -0.0176092
-3.0 -0.0128537
-2.0 -0.00807091
-1.0 -0.00331133
0.0 0.00144495
1.0 0.00625268
2.0 0.0110957
3.0 0.0158702
4.0 0.0205531
5.0 0.0251999
6.0 0.0298675
7.0 0.0344766
8.0 0.038933
9.0 0.043269
10.0 0.047558
11.0 0.0517982
12.0 0.0558856
13.0 0.0597798
14.0 0.0635303
15.0 0.0671808
16.0 0.0707013
17.0 0.0740276
18.0 0.0771387
19.0 0.080067
20.0 0.0828364
21.0 0.0854284
22.0 0.0878021
23.0 0.0899325
24.0 0.0918435
25.0 0.0935689
26.0 0.0950792
27.0 0.096332
28.0 0.0973408
29.0 0.0981309
30.0 0.0986959
31.0 0.0990152
32.0 0.099094
33.0 0.0989404
34.0 0.0985467
35.0 0.0979099
36.0 0.0970501
37.0 0.0959707
38.0 0.0946579
39.0 0.0931077
40.0 0.0913416
41.0 0.0893765
42.0 0.0872084
43.0 0.0848333
44.0 0.0822614
45.0 0.0794896
46.0 0.0765507
47.0 0.0734573
48.0 0.0701945
49.0 0.0667643
50.0 0.0631807
51.0 0.0594778
52.0 0.0556692
53.0 0.0517347
54.0 0.0476624
55.0 0.0435019
56.0 0.0392938
57.0 0.0350198
58.0 0.0306553
59.0 0.0262179
60.0 0.021762
61.0 0.0172921
62.0 0.0128044
63.0 0.00828958
64.0 0.00376676
65.0 -0.000741086
66.0 -0.00520484
67.0 -0.0096184
68.0 -0.0139845
69.0 -0.0183387
70.0 -0.0226179
71.0 -0.0267747
72.0 -0.0308434
73.0 -0.0348496
74.0 -0.0387623
75.0 -0.042521
76.0 -0.0461293
77.0 -0.0496344
78.0 -0.0530125
79.0 -0.0562118
80.0 -0.0592386
81.0 -0.0621164
82.0 -0.0648207
83.0 -0.0673382
84.0 -0.0696608
85.0 -0.0717844
86.0 -0.073715
87.0 -0.0754448
88.0 -0.0769647
89.0 -0.0782725
90.0 -0.0793603
91.0 -0.0802307
92.0 -0.0808849
93.0 -0.0813211
94.0 -0.0815338
95.0 -0.0815256
96.0 -0.0812981
97.0 -0.0808487
98.0 -0.0801795
99.0 -0.0793008
100.0 -0.0782155
101.0 -0.0769175
102.0 -0.0754124
103.0 -0.0737055
104.0 -0.071804
105.0 -0.0697189
106.0 -0.0674587
107.0 -0.065024
108.0 -0.0624036
109.0 -0.0596189
110.0 -0.0566908
111.0 -0.0536373
112.0 -0.0504447
113.0 -0.0470909
114.0 -0.043613
115.0 -0.0400513
116.0 -0.0364032
117.0 -0.0326453
118.0 -0.0287841
119.0 -0.0248711
120.0 -0.020916
121.0 -0.0169064
122.0 -0.0128266
123.0 -0.00870148
124.0 -0.00457918
125.0 -0.00046509
126.0 0.00364813
127.0 0.00776867
128.0 0.0118933
129.0 0.0159745
130.0 0.0199809
131.0 0.0239309
132.0 0.0278657
133.0 0.0317481
134.0 0.0355091
135.0 0.0391549
136.0 0.0427158
137.0 0.0462118
138.0 0.0495848
139.0 0.0527839
140.0 0.055848
141.0 0.0587804
142.0 0.0615793
143.0 0.0642175
144.0 0.0666783
145.0 0.0689531
146.0 0.0710452
147.0 0.0729619
148.0 0.0746938
149.0 0.0762174
150.0 0.0775277
151.0 0.0786376
152.0 0.0795433
153.0 0.0802334
154.0 0.0807021
155.0 0.0809529
156.0 0.0809864
157.0 0.0807981
158.0 0.0803878
159.0 0.079762
160.0 0.0789203
161.0 0.0778528
162.0 0.0765653
163.0 0.0750823
164.0 0.0733947
165.0 0.0714886
166.0 0.0693783
167.0 0.067075
168.0 0.0645934
169.0 0.0619366
170.0 0.0591107
171.0 0.0560893
172.0 0.0528888
173.0 0.0495609
174.0 0.0461227
175.0 0.0425424
176.0 0.0387867
177.0 0.0348918
178.0 0.0309302
179.0 0.0269191
180.0 0.0228004
181.0 0.0185417
182.0 0.0142099
183.0 0.00986188
184.0 0.00550317
185.0 0.00109786
186.0 -0.00339192
187.0 -0.00789925
188.0 -0.0123962
189.0 -0.0168387
190.0 -0.0212464
191.0 -0.0256696
192.0 -0.0300979
193.0 -0.0344561
194.0 -0.0386953
195.0 -0.0428456
196.0 -0.0469574
197.0 -0.0510326
198.0 -0.0549695
199.0 -0.0587334
200.0 -0.0623621
201.0 -0.0659024
202.0 -0.0693365
203.0 -0.0726024
204.0 -0.0756699
205.0 -0.0785465
206.0 -0.0812706
207.0 -0.0838373
208.0 -0.0862098
209.0 -0.0883504
210.0 -0.0902752
211.0 -0.092004
212.0 -0.093535
213.0 -0.0948326
214.0 -0.0958896
215.0 -0.0967191
216.0 -0.0973245
217.0 -0.0976966
218.0 -0.0978267
219.0 -0.0977215
220.0 -0.0973798
221.0 -0.0967953
222.0 -0.0959728
223.0 -0.0949207
224.0 -0.093645
225.0 -0.092138
226.0 -0.0903921
227.0 -0.0884174
228.0 -0.0862394
229.0 -0.0838747
230.0 -0.0812948
231.0 -0.0784793
232.0 -0.0754718
233.0 -0.0723171
234.0 -0.0690129
235.0 -0.0655075
236.0 -0.0618052
237.0 -0.0579641
238.0 -0.0540231
239.0 -0.049964
240.0 -0.0457563
241.0 -0.0414182
242.0 -0.0369854
243.0 -0.0324859
244.0 -0.0279266
245.0 -0.0232839
246.0 -0.0185664
247.0 -0.0138008
248.0 -0.0090113
249.0 -0.00422509
250.0 0.000561275
251.0 0.00536873
252.0 0.010187
253.0 0.0149713
254.0 0.0196853
255.0 0.0243414
256.0 0.0289674
257.0 0.0335446
258.0 0.0380243
259.0 0.0423863
260.0 0.0466442
261.0 0.0507937
262.0 0.0548361
263.0 0.0587525
264.0 0.0624949
265.0 0.0660859
266.0 0.0695084
267.0 0.0727829
268.0 0.0758767
269.0 0.0787647
270.0 0.0814489
271.0 0.0839394
272.0 0.0862284
273.0 0.0882993
274.0 0.0901391
275.0 0.0917532
276.0 0.0931426
277.0 0.0942997
278.0 0.0952175
279.0 0.0958934
280.0 0.0963261
281.0 0.0965176
282.0 0.096466
283.0 0.0961666
284.0 0.0956289
285.0 0.094855
286.0 0.0938393
287.0 0.092576
288.0 0.0910769
289.0 0.0893698
290.0 0.0874447
291.0 0.0852835
292.0 0.0828901
293.0 0.0803038
294.0 0.0775424
295.0 0.0745888
296.0 0.0714197
297.0 0.0680534
298.0 0.0645496
299.0 0.0609132
300.0 0.0571249
301.0 0.0531584
302.0 0.0490387
303.0 0.0448266
304.0 0.0405433
305.0 0.036168
306.0 0.0316626
307.0 0.0270389
308.0 0.0223809
309.0 0.0177225
310.0 0.013017
311.0 0.00823232
312.0 0.00340184
313.0 -0.0014011
314.0 -0.00616792
315.0 -0.0109222
316.0 -0.0156906
317.0 -0.0204448
318.0 -0.025133
319.0 -0.0297267
320.0 -0.0342316
321.0 -0.038679
322.0 -0.0430672
323.0 -0.0473442
324.0 -0.0514807
325.0 -0.0554772
326.0 -0.0593543
327.0 -0.0631113
328.0 -0.0667212
329.0 -0.0701423
330.0 -0.073384
331.0 -0.0764615
332.0 -0.0793548
333.0 -0.0820588
334.0 -0.0845556
335.0 -0.0868362
336.0 -0.0889109
337.0 -0.0907638
338.0 -0.0924069
339.0 -0.0938196
340.0 -0.0949962
341.0 -0.0959396
342.0 -0.0966535
343.0 -0.0971319
344.0 -0.0973734
345.0 -0.0973762
346.0 -0.0971453
347.0 -0.0966754
348.0 -0.0959729
349.0 -0.095044
350.0 -0.0938857
351.0 -0.0924971
352.0 -0.0908925
353.0 -0.0890809
354.0 -0.0870566
355.0 -0.0848213
356.0 -0.0823932
357.0 -0.0797757
358.0 -0.0769697
359.0 -0.0739953
360.0 -0.0708629
361.0 -0.0675649
362.0 -0.0641076
363.0 -0.0605179
364.0 -0.0568122
365.0 -0.0529845
366.0 -0.0490318
367.0 -0.0449631
368.0 -0.0408275
369.0 -0.0366374
370.0 -0.0323488
371.0 -0.0279907
372.0 -0.0235967
373.0 -0.0191823
374.0 -0.0147371
375.0 -0.0102662
376.0 -0.00580417
377.0 -0.00136005
378.0 0.00309138
379.0 0.00750701
380.0 0.0118645
381.0 0.0161737
382.0 0.0204371
383.0 0.0246293
384.0 0.0287214
385.0 0.03272
386.0 0.0366237
387.0 0.0404145
388.0 0.0440859
389.0 0.0476333
390.0 0.0510348
391.0 0.0542811
392.0 0.0573732
393.0 0.0603039
394.0 0.0630627
395.0 0.0656484
396.0 0.0680405
397.0 0.0702437
398.0 0.0722548
399.0 0.074069
400.0 0.0756674
401.0 0.0770559
402.0 0.0782345
403.0 0.0792003
404.0 0.0799468
405.0 0.080472
406.0 0.0807787
407.0 0.0808648
408.0 0.0807296
409.0 0.0803756
410.0 0.0798048
411.0 0.079021
412.0 0.0780225
413.0 0.0768092
414.0 0.0753937
415.0 0.0737837
416.0 0.0719763
417.0 0.0699662
418.0 0.0677702
419.0 0.065407
420.0 0.0628798
421.0 0.0601757
422.0 0.0572944
423.0 0.0542821
424.0 0.0511542
425.0 0.047877
426.0 0.0444512
427.0 0.0409169
428.0 0.0373004
429.0 0.033586
430.0 0.0297726
431.0 0.0258778
432.0 0.02192
433.0 0.0179141
434.0 0.013866
435.0 0.00978309
436.0 0.00566827
437.0 0.00152012
438.0 -0.00263479
439.0 -0.0067617
440.0 -0.0108585
441.0 -0.0149522
442.0 -0.0190367
443.0 -0.0230667
444.0 -0.0269959
445.0 -0.0308641
446.0 -0.0346991
447.0 -0.0384507
448.0 -0.0420683
449.0 -0.045572
450.0 -0.0489812
451.0 -0.0522971
452.0 -0.0554723
453.0 -0.0584777
454.0 -0.0613156
455.0 -0.0640215
456.0 -0.066594
457.0 -0.0689804
458.0 -0.0711568
459.0 -0.073147
460.0 -0.074971
461.0 -0.0766077
462.0 -0.0780312
463.0 -0.0792374
464.0 -0.0802329
465.0 -0.0810253
466.0 -0.0816059
467.0 -0.0819587
468.0 -0.0820919
469.0 -0.0820108
470.0 -0.0817016
471.0 -0.0811696
472.0 -0.0804184
473.0 -0.0794545
474.0 -0.0782774
475.0 -0.0768763
476.0 -0.0752578
477.0 -0.0734369
478.0 -0.0714246
479.0 -0.069223
480.0 -0.0668067
481.0 -0.064187
482.0 -0.0614061
483.0 -0.0584728
484.0 -0.0553749
485.0 -0.0520931
486.0 -0.0486527
487.0 -0.0450857
488.0 -0.0413964
489.0 -0.0375867
490.0 -0.0336474
491.0 -0.0295955
492.0 -0.025453
493.0 -0.0212339
494.0 -0.0169587
495.0 -0.0126109
496.0 -0.00818363
497.0 -0.00371182
498.0 0.000754262
499.0 0.00522325
500.0 0.00975828
501.0 0.0143051
502.0 0.0188037
503.0 0.0232436
504.0 0.0276714
505.0 0.0320961
506.0 0.0364541
507.0 0.0407073
508.0 0.0448812
509.0 0.0489959
510.0 0.0530173
511.0 0.0569058
512.0 0.0606674
513.0 0.0643109
514.0 0.0678179
515.0 0.0711796
516.0 0.0743847
517.0 0.0774098
518.0 0.0802513
519.0 0.0829208
520.0 0.0854138
521.0 0.0877019
522.0 0.0897708
523.0 0.0916324
524.0 0.0932907
525.0 0.0947221
526.0 0.0959195
527.0 0.0968898
528.0 0.0976334
529.0 0.0981402
530.0 0.0984082
531.0 0.098437
532.0 0.0982279
533.0 0.0977759
534.0 0.097086
535.0 0.0961633
536.0 0.0950058
537.0 0.0936128
538.0 0.0919848
539.0 0.0901337
540.0 0.0880716
541.0 0.0857983
542.0 0.0833045
543.0 0.0805871
544.0 0.077683
545.0 0.0746205
546.0 0.0713783
547.0 0.0679327
548.0 0.0642944
549.0 0.0605429
550.0 0.0566756
551.0 0.0526525
552.0 0.0484471
553.0 0.0441262
554.0 0.0397649
555.0 0.0353266
556.0 0.0307674
557.0 0.0260818
558.0 0.0213578
559.0 0.0166309
560.0 0.0118743
561.0 0.00706507
562.0 0.00219303
563.0 -0.00267294
564.0 -0.00748289
565.0 -0.0122427
566.0 -0.017009
567.0 -0.0218016
568.0 -0.0265096
569.0 -0.0310788
570.0 -0.0355728
571.0 -0.0400477
572.0 -0.0444484
573.0 -0.0486879
574.0 -0.0527697
575.0 -0.0567405
576.0 -0.0606115
577.0 -0.064342
578.0 -0.0678703
579.0 -0.0712127
580.0 -0.0743945
581.0 -0.0774268
582.0 -0.0802605
583.0 -0.0828708
584.0 -0.0852585
585.0 -0.0874382
586.0 -0.0894198
587.0 -0.0911807
588.0 -0.0926989
589.0 -0.0939732
590.0 -0.0950117
591.0 -0.095821
592.0 -0.0963918
593.0 -0.0967138
594.0 -0.0967897
595.0 -0.0966227
596.0 -0.096212
597.0 -0.0955559
598.0 -0.0946561
599.0 -0.0935239
600.0 -0.0921638
601.0 -0.0905698
602.0 -0.0887299
603.0 -0.0866667
604.0 -0.084402
605.0 -0.0819326
606.0 -0.0792546
607.0 -0.0763625
608.0 -0.073279
609.0 -0.0700367
610.0 -0.0666356
611.0 -0.0630456
612.0 -0.0592794
613.0 -0.0553721
614.0 -0.0513559
615.0 -0.0472305
616.0 -0.042973
617.0 -0.0385854
618.0 -0.0341011
619.0 -0.029562
620.0 -0.0249651
621.0 -0.0202874
622.0 -0.0155396
623.0 -0.0107441
624.0 -0.0059714
625.0 -0.00121573
626.0 0.00360151
627.0 0.00843408
628.0 0.0132227
629.0 0.0179443
630.0 0.0226261
631.0 0.0272829
632.0 0.0318821
633.0 0.0363867
634.0 0.0408019
635.0 0.0451146
636.0 0.0493116
637.0 0.0533933
638.0 0.057365
639.0 0.0611854
640.0 0.0648381
641.0 0.0683362
642.0 0.0716783
643.0 0.0748511
644.0 0.0778295
645.0 0.0806086
646.0 0.083191
647.0 0.0855778
648.0 0.0877509
649.0 0.0897094
650.0 0.091439
651.0 0.0929411
652.0 0.0942224
653.0 0.0952731
654.0 0.0960856
655.0 0.096658
656.0 0.0969946
657.0 0.0970938
658.0 0.0969549
659.0 0.0965792
660.0 0.0959711
661.0 0.0951356
662.0 0.0940626
663.0 0.0927554
664.0 0.0912305
665.0 0.089495
666.0 0.0875509
667.0 0.0853964
668.0 0.0830335
669.0 0.0804749
670.0 0.0777355
671.0 0.0748343
672.0 0.0717628
673.0 0.0684957
674.0 0.0650749
675.0 0.0615378
676.0 0.0578852
677.0 0.0540868
678.0 0.0501514
679.0 0.0461147
680.0 0.0420229
681.0 0.0378605
682.0 0.0335874
683.0 0.0292229
684.0 0.0248301
685.0 0.0204369
686.0 0.0160182
687.0 0.0115466
688.0 0.00705104
689.0 0.00258737
690.0 -0.00184075
691.0 -0.00625095
692.0 -0.0106436
693.0 -0.0150032
694.0 -0.0192896
695.0 -0.0234747
696.0 -0.0275852
697.0 -0.0316417
698.0 -0.0356012
699.0 -0.0394284
700.0 -0.0431208
701.0 -0.0466958
702.0 -0.0501575
703.0 -0.0534746
704.0 -0.0566158
705.0 -0.0595945
706.0 -0.0624034
707.0 -0.0650469
708.0 -0.067515
709.0 -0.0697904
710.0 -0.0718572
711.0 -0.0737272
712.0 -0.0754006
713.0 -0.0768715
714.0 -0.0781269
715.0 -0.0791589
716.0 -0.0799778
717.0 -0.0805847
718.0 -0.0809704
719.0 -0.0811326
720.0 -0.0810765
721.0 -0.0808034
722.0 -0.080308
723.0 -0.0795952
724.0 -0.0786705
725.0 -0.0775437
726.0 -0.0762097
727.0 -0.074663
728.0 -0.0729127
729.0 -0.0709749
730.0 -0.0688673
731.0 -0.0665785
732.0 -0.0640953
733.0 -0.0614321
734.0 -0.0586281
735.0 -0.0556949
736.0 -0.0526008
737.0 -0.049346
738.0 -0.0459704
739.0 -0.0425052
740.0 -0.0389382
741.0 -0.0352391
742.0 -0.0314348
743.0 -0.0275761
744.0 -0.0236681
745.0 -0.0196821
746.0 -0.0156237
747.0 -0.0115288
748.0 -0.0074163
749.0 -0.00329258
750.0 0.000845632
751.0 0.0049924
752.0 0.00913094
753.0 0.0132405
754.0 0.0173088
755.0 0.0213388
756.0 0.0253472
757.0 0.0292874
758.0 0.0331224
759.0 0.0368713
760.0 0.040555
761.0 0.0441519
762.0 0.047618
763.0 0.0509576
764.0 0.0541666
765.0 0.0572589
766.0 0.0602085
767.0 0.0629832
768.0 0.0655971
769.0 0.0680512
770.0 0.070331
771.0 0.0724301
772.0 0.0743351
773.0 0.0760423
774.0 0.0775523
775.0 0.0788592
776.0 0.0799625
777.0 0.0808526
778.0 0.0815249
779.0 0.0819795
780.0 0.082216
781.0 0.0822337
782.0 0.0820269
783.0 0.0816028
784.0 0.0809594
785.0 0.0800921
786.0 0.0790029
787.0 0.0777063
788.0 0.0762004
789.0 0.0744846
790.0 0.0725543
791.0 0.07043
792.0 0.0681208
793.0 0.06562
794.0 0.0629277
795.0 0.0600495
796.0 0.0570147
797.0 0.0538347
798.0 0.0504936
799.0 0.0469898
800.0 0.0433425
801.0 0.0395958
802.0 0.0357497
803.0 0.0317726
804.0 0.0276662
805.0 0.0234887
806.0 0.019276
807.0 0.014972
808.0 0.0105806
809.0 0.00613233
810.0 0.00169696
811.0 -0.00273185
812.0 -0.00723804
813.0 -0.0117842
814.0 -0.0162637
815.0 -0.0206815
816.0 -0.0251212
817.0 -0.0295567
818.0 -0.0339112
819.0 -0.0381694
820.0 -0.0423534
821.0 -0.0464917
822.0 -0.0505445
823.0 -0.0544603
824.0 -0.0582504
825.0 -0.061925
826.0 -0.0654783
827.0 -0.0688878
828.0 -0.0721375
829.0 -0.0752115
830.0 -0.0781189
831.0 -0.0808638
832.0 -0.0834135
833.0 -0.0857562
834.0 -0.0879032
835.0 -0.0898509
836.0 -0.0915847
837.0 -0.0930941
838.0 -0.0943823
839.0 -0.0954457
840.0 -0.0962777
841.0 -0.096875
842.0 -0.0972382
843.0 -0.0973654
844.0 -0.0972547
845.0 -0.0969046
846.0 -0.0963219
847.0 -0.0955009
848.0 -0.0944345
849.0 -0.0931427
850.0 -0.0916335
851.0 -0.0898987
852.0 -0.087925
853.0 -0.0857312
854.0 -0.0833421
855.0 -0.0807611
856.0 -0.0779671
857.0 -0.0749688
858.0 -0.0717923
859.0 -0.0684505
860.0 -0.0649502
861.0 -0.0612912
862.0 -0.0574543
863.0 -0.0534838
864.0 -0.0494063
865.0 -0.0452119
866.0 -0.0408914
867.0 -0.036451
868.0 -0.0319371
869.0 -0.0273842
870.0 -0.0227638
871.0 -0.0180479
872.0 -0.0132673
873.0 -0.00848716
874.0 -0.00373311
875.0 0.00104376
876.0 0.00587335
877.0 0.0106908
878.0 0.0154362
879.0 0.0201318
880.0 0.0247999
881.0 0.0294274
882.0 0.0339763
883.0 0.0384189
884.0 0.0427579
885.0 0.0470074
886.0 0.0511781
887.0 0.0552032
888.0 0.0590686
889.0 0.0627817
890.0 0.066361
891.0 0.0697826
892.0 0.073021
893.0 0.0760701
894.0 0.0789264
895.0 0.0815862
896.0 0.0840544
897.0 0.0863174
898.0 0.0883515
899.0 0.0901528
900.0 0.0917278
901.0 0.0930783
902.0 0.0941974
903.0 0.0950729
904.0 0.0957015
905.0 0.0960903
906.0 0.0962384
907.0 0.0961384
908.0 0.0957944
909.0 0.0952117
910.0 0.0943895
911.0 0.093318
912.0 0.0920011
913.0 0.0904654
914.0 0.0887122
915.0 0.0867238
916.0 0.084505
917.0 0.0820733
918.0 0.0794516
919.0 0.0766252
920.0 0.0735985
921.0 0.0703953
922.0 0.0670149
923.0 0.0634624
924.0 0.0597571
925.0 0.0559083
926.0 0.0519119
927.0 0.0477741
928.0 0.043529
929.0 0.0391945
930.0 0.0347492
931.0 0.0301986
932.0 0.0255903
933.0 0.0209224
934.0 0.0162103
935.0 0.0114282
936.0 0.00662996
937.0 0.00181602
938.0 -0.00300392
939.0 -0.00782457
940.0 -0.0126275
941.0 -0.0173891
942.0 -0.0221174
943.0 -0.0268082
944.0 -0.031442
945.0 -0.0359803
946.0 -0.0404256
947.0 -0.0448082
948.0 -0.0490793
949.0 -0.0532129
950.0 -0.0572248
951.0 -0.0611073
952.0 -0.064851
953.0 -0.0684334
954.0 -0.0718501
955.0 -0.0750902
956.0 -0.0781468
957.0 -0.0810293
958.0 -0.0837124
959.0 -0.0861949
960.0 -0.0884623
961.0 -0.0905089
962.0 -0.0923458
963.0 -0.093962
964.0 -0.0953461
965.0 -0.0964937
966.0 -0.0974098
967.0 -0.0980921
968.0 -0.0985411
969.0 -0.0987485
970.0 -0.0987161
971.0 -0.0984504
972.0 -0.0979476
973.0 -0.0972055
974.0 -0.0962346
975.0 -0.0950425
976.0 -0.0936269
977.0 -0.0919811
978.0 -0.0901064
979.0 -0.0880317
980.0 -0.0857821
981.0 -0.0833349
982.0 -0.080658
983.0 -0.0777925
984.0 -0.0747793
985.0 -0.0716306
986.0 -0.0683042
987.0 -0.0647845
988.0 -0.0611356
989.0 -0.0574009
990.0 -0.0535459
991.0 -0.0495582
992.0 -0.0454539
993.0 -0.0412807
994.0 -0.0370388
995.0 -0.0327237
996.0 -0.0283506
997.0 -0.0239249
998.0 -0.0194526
999.0 -0.0149683
1000.0 -0.0104999
1001.0 -0.00602592
1002.0 -0.00151348
1003.0 0.00297658
1004.0 0.00738437
1005.0 0.0117462
1006.0 0.0160875
1007.0 0.020399
1008.0 0.0246104
1009.0 0.0287002
1010.0 0.0327069
1011.0 0.0366452
1012.0 0.0404737
1013.0 0.044147
1014.0 0.0476791
1015.0 0.0510986
1016.0 0.0543704
1017.0 0.0574699
1018.0 0.0604112
1019.0 0.0631815
1020.0 0.0657635
1021.0 0.0681676
1022.0 0.0703859
1023.0 0.0724033
1024.0 0.0742132
1025.0 0.0758165
1026.0 0.0772159
1027.0 0.0784052
1028.0 0.0793762
1029.0 0.0801254
1030.0 0.0806552
1031.0 0.080969
1032.0 0.0810616
1033.0 0.0809324
1034.0 0.0805875
1035.0 0.0800245
1036.0 0.0792433
1037.0 0.0782529
1038.0 0.0770542
1039.0 0.0756505
1040.0 0.0740445
1041.0 0.0722375
1042.0 0.0702453
1043.0 0.0680755
1044.0 0.0657268
1045.0 0.0632038
1046.0 0.0605171
1047.0 0.0576665
1048.0 0.0546745
1049.0 0.0515488
1050.0 0.0482812
1051.0 0.0448881
1052.0 0.041391
1053.0 0.0377957
1054.0 0.0341009
1055.0 0.0303086
1056.0 0.0264444
1057.0 0.0225193
1058.0 0.0185312
1059.0 0.0145152
1060.0 0.010459
1061.0 0.00635574
1062.0 0.00223594
1063.0 -0.00186114
1064.0 -0.00594038
1065.0 -0.0100293
1066.0 -0.0141257
1067.0 -0.018144
1068.0 -0.0220976
1069.0 -0.0260153
1070.0 -0.0298945
1071.0 -0.0336787
1072.0 -0.0373517
1073.0 -0.0409474
1074.0 -0.0444564
1075.0 -0.0478428
1076.0 -0.0510882
1077.0 -0.0542067
1078.0 -0.0572018
1079.0 -0.0600474
1080.0 -0.0627233
1081.0 -0.0652263
1082.0 -0.067571
1083.0 -0.0697519
1084.0 -0.071737
1085.0 -0.0735249
1086.0 -0.0751185
1087.0 -0.0765203
1088.0 -0.077713
1089.0 -0.0787007
1090.0 -0.0794754
1091.0 -0.0800314
1092.0 -0.0803748
1093.0 -0.0805012
1094.0 -0.0804069
1095.0 -0.0800946
1096.0 -0.0795654
1097.0 -0.078814
1098.0 -0.0778401
1099.0 -0.0766565
1100.0 -0.0752744
1101.0 -0.0736714
1102.0 -0.0718522
1103.0 -0.0698397
1104.0 -0.0676454
1105.0 -0.065263
1106.0 -0.0626749
1107.0 -0.0599022
1108.0 -0.0569797
1109.0 -0.0539042
1110.0 -0.0506543
1111.0 -0.047245
1112.0 -0.04371
1113.0 -0.040035
1114.0 -0.0362474
1115.0 -0.032357
1116.0 -0.0283605
1117.0 -0.0242502
1118.0 -0.0200547
1119.0 -0.0158065
1120.0 -0.0115077
1121.0 -0.00713016
1122.0 -0.00269492
1123.0 0.00174981
1124.0 0.00618663
1125.0 0.0106456
1126.0 0.0151298
1127.0 0.0195993
1128.0 0.0240379
1129.0 0.0284257
1130.0 0.0327625
1131.0 0.0370634
1132.0 0.0413122
1133.0 0.0454767
1134.0 0.0495254
1135.0 0.0534573
1136.0 0.0573096
1137.0 0.061075
1138.0 0.0646834
1139.0 0.0681237
1140.0 0.071426
1141.0 0.0746125
1142.0 0.0776176
1143.0 0.0804228
1144.0 0.0830409
1145.0 0.0854938
1146.0 0.0877587
1147.0 0.0898048
1148.0 0.0916328
1149.0 0.09325
1150.0 0.0946545
1151.0 0.095835
1152.0 0.0967803
1153.0 0.0974953
1154.0 0.0979787
1155.0 0.0982248
1156.0 0.0982354
1157.0 0.0980085
1158.0 0.0975417
1159.0 0.0968404
1160.0 0.0959045
1161.0 0.0947302
1162.0 0.0933298
1163.0 0.0917038
1164.0 0.0898494
1165.0 0.0877778
1166.0 0.0854979
1167.0 0.0830084
1168.0 0.0803154
1169.0 0.0774296
1170.0 0.0743533
1171.0 0.0711062
1172.0 0.0676754
1173.0 0.0640811
1174.0 0.060341
1175.0 0.0564599
1176.0 0.0524468
1177.0 0.0482973
1178.0 0.0440312
1179.0 0.0396796
1180.0 0.03523
1181.0 0.0306754
1182.0 0.026057
1183.0 0.0214042
1184.0 0.0166993
1185.0 0.0119305
1186.0 0.0071378
1187.0 0.00235821
1188.0 -0.00242421
1189.0 -0.00722937
1190.0 -0.0120187
1191.0 -0.0167454
1192.0 -0.0214278
1193.0 -0.026066
1194.0 -0.0306563
1195.0 -0.0351454
1196.0 -0.0395511
1197.0 -0.0438605
1198.0 -0.0480639
1199.0 -0.0521372
1200.0 -0.0560935
1201.0 -0.0599115
1202.0 -0.0635686
1203.0 -0.0670614
1204.0 -0.0703973
1205.0 -0.073563
1206.0 -0.0765256
1207.0 -0.0792914
1208.0 -0.0818792
1209.0 -0.084259
1210.0 -0.086405
1211.0 -0.0883344
1212.0 -0.0900557
1213.0 -0.0915461
1214.0 -0.0927911
1215.0 -0.0938021
1216.0 -0.0945825
1217.0 -0.0951171
1218.0 -0.0954086
1219.0 -0.0954561
1220.0 -0.0952633
1221.0 -0.0948215
1222.0 -0.0941392
1223.0 -0.0932213
1224.0 -0.0920688
1225.0 -0.0906711
1226.0 -0.0890446
1227.0 -0.0872036
1228.0 -0.0851437
1229.0 -0.0828458
1230.0 -0.080344
1231.0 -0.0776653
1232.0 -0.0747801
1233.0 -0.0716851
1234.0 -0.0684207
1235.0 -0.0650019
1236.0 -0.0614178
1237.0 -0.0576693
1238.0 -0.0537708
1239.0 -0.0497479
1240.0 -0.0456152
1241.0 -0.0413628
1242.0 -0.036988
1243.0 -0.0325248
1244.0 -0.0279995
1245.0 -0.0234137
1246.0 -0.0187596
1247.0 -0.0140242
1248.0 -0.00927402
1249.0 -0.00452513
1250.0 0.000221171
1251.0 0.00501004
1252.0 0.0098093
1253.0 0.01457
1254.0 0.0192526
1255.0 0.0238996
1256.0 0.0285353
1257.0 0.0330991
1258.0 0.0375504
1259.0 0.0419106
1260.0 0.0461964
1261.0 0.0503798
1262.0 0.0544275
1263.0 0.058336
1264.0 0.0621158
1265.0 0.0657526
1266.0 0.0692125
1267.0 0.0725035
1268.0 0.0756457
1269.0 0.0785965
1270.0 0.0813352
1271.0 0.0838879
1272.0 0.0862443
1273.0 0.0883938
1274.0 0.090317
1275.0 0.092016
1276.0 0.0934969
1277.0 0.0947522
1278.0 0.095773
1279.0 0.096562
1280.0 0.0971137
1281.0 0.09743
1282.0 0.0975118
1283.0 0.0973557
1284.0 0.0969647
1285.0 0.0963441
1286.0 0.0954892
1287.0 0.0943978
1288.0 0.0930839
1289.0 0.091557
1290.0 0.0898178
1291.0 0.0878551
1292.0 0.0856745
1293.0 0.0833137
1294.0 0.0807699
1295.0 0.0780253
1296.0 0.0750917
1297.0 0.0719915
1298.0 0.0687635
1299.0 0.0653798
1300.0 0.0618042
1301.0 0.0581086
1302.0 0.0543337
1303.0 0.0504181
1304.0 0.0463704
1305.0 0.0422495
1306.0 0.0380686
1307.0 0.0337947
1308.0 0.0294386
1309.0 0.0250528
1310.0 0.0206542
1311.0 0.0162092
1312.0 0.0117061
1313.0 0.0072047
1314.0 0.00274457
1315.0 -0.00169727
1316.0 -0.00613328
1317.0 -0.0105553
1318.0 -0.0149224
1319.0 -0.0192009
1320.0 -0.0234079
1321.0 -0.0275764
1322.0 -0.0316578
1323.0 -0.0356149
1324.0 -0.0394592
1325.0 -0.0431835
1326.0 -0.0468006
1327.0 -0.0502876
1328.0 -0.0536191
1329.0 -0.056781
1330.0 -0.0597833
1331.0 -0.0626371
1332.0 -0.0653192
1333.0 -0.0678027
1334.0 -0.0700926
1335.0 -0.072201
1336.0 -0.0741156
1337.0 -0.0758181
1338.0 -0.0773045
1339.0 -0.0785844
1340.0 -0.0796577
1341.0 -0.0805071
1342.0 -0.0811363
1343.0 -0.0815466
1344.0 -0.0817355
1345.0 -0.0817059
1346.0 -0.0814555
1347.0 -0.0809864
1348.0 -0.0803007
1349.0 -0.0794028
1350.0 -0.0782938
1351.0 -0.0769683
1352.0 -0.0754471
1353.0 -0.0737305
1354.0 -0.071814
1355.0 -0.0697012
1356.0 -0.067417
1357.0 -0.0649699
1358.0 -0.062348
1359.0 -0.0595448
1360.0 -0.0565913
1361.0 -0.0535196
1362.0 -0.0503138
1363.0 -0.0469474
1364.0 -0.0434541
1365.0 -0.0398854
1366.0 -0.0362324
1367.0 -0.0324573
1368.0 -0.028574
1369.0 -0.0246532
1370.0 -0.0206983
1371.0 -0.0166692
1372.0 -0.012559
1373.0 -0.00845818
1374.0 -0.00435804
1375.0 -0.000211324
1376.0 0.00394806
1377.0 0.00807491
1378.0 0.0121651
1379.0 0.0162374
1380.0 0.0202806
1381.0 0.0242654
1382.0 0.0281809
1383.0 0.0320226
1384.0 0.0358
1385.0 0.0394863
1386.0 0.0430657
1387.0 0.0465353
1388.0 0.0498784
1389.0 0.053096
1390.0 0.0561833
1391.0 0.0591261
1392.0 0.0619145
1393.0 0.0645351
1394.0 0.0669915
1395.0 0.0692756
1396.0 0.0713806
1397.0 0.073287
1398.0 0.0750112
1399.0 0.0765341
1400.0 0.0778496
1401.0 0.0789572
1402.0 0.0798559
1403.0 0.080543
1404.0 0.0810113
1405.0 0.0812591
1406.0 0.0812884
1407.0 0.0810997
1408.0 0.0806848
1409.0 0.0800536
1410.0 0.0792079
1411.0 0.0781442
1412.0 0.0768632
1413.0 0.0753617
1414.0 0.0736559
1415.0 0.0717619
1416.0 0.0696692
1417.0 0.0673592
1418.0 0.0648452
1419.0 0.0621742
1420.0 0.0593648
1421.0 0.056372
1422.0 0.0531542
1423.0 0.0497978
1424.0 0.0463642
1425.0 0.0427902
1426.0 0.0390267
1427.0 0.0351363
1428.0 0.0311804
1429.0 0.0271584
1430.0 0.0230155
1431.0 0.0187588
1432.0 0.0144499
1433.0 0.0101127
1434.0 0.00572536
1435.0 0.00127152
1436.0 -0.0032038
1437.0 -0.00767522
1438.0 -0.0121503
1439.0 -0.0166247
1440.0 -0.0210752
1441.0 -0.0254983
1442.0 -0.0299017
1443.0 -0.0342475
1444.0 -0.0384925
1445.0 -0.0426714
1446.0 -0.0468207
1447.0 -0.0508617
1448.0 -0.0547556
1449.0 -0.0585411
1450.0 -0.0622363
1451.0 -0.0657995
1452.0 -0.0691922
1453.0 -0.0724281
1454.0 -0.0755126
1455.0 -0.0784386
1456.0 -0.0811816
1457.0 -0.0837369
1458.0 -0.0860971
1459.0 -0.088255
1460.0 -0.0902053
1461.0 -0.091943
1462.0 -0.0934714
1463.0 -0.0947781
1464.0 -0.0958512
1465.0 -0.0966946
1466.0 -0.0973104
1467.0 -0.0976937
1468.0 -0.0978385
1469.0 -0.0977447
1470.0 -0.097415
1471.0 -0.096847
1472.0 -0.096043
1473.0 -0.0950067
1474.0 -0.0937429
1475.0 -0.0922497
1476.0 -0.0905308
1477.0 -0.088577
1478.0 -0.0864096
1479.0 -0.0840509
1480.0 -0.0814924
1481.0 -0.0787066
1482.0 -0.0757247
1483.0 -0.0725888
1484.0 -0.0692839
1485.0 -0.0657834
1486.0 -0.0621175
1487.0 -0.0583201
1488.0 -0.0543956
1489.0 -0.0503232
1490.0 -0.0461155
1491.0 -0.0418208
1492.0 -0.0374321
1493.0 -0.0329321
1494.0 -0.0283591
1495.0 -0.0237386
1496.0 -0.0190489
1497.0 -0.0142827
1498.0 -0.00950865
1499.0 -0.00475156
1500.0 3.57921e-05
1501.0 0.00486709
1502.0 0.00967754
1503.0 0.0144152
1504.0 0.019124
1505.0 0.0238153
1506.0 0.0284538
1507.0 0.0330002
1508.0 0.0374532
1509.0 0.0418393
1510.0 0.0461261
1511.0 0.0502677
1512.0 0.0542911
1513.0 0.0582158
1514.0 0.0619911
1515.0 0.0655692
1516.0 0.0689858
1517.0 0.0722785
1518.0 0.0753882
1519.0 0.0782736
1520.0 0.080957
1521.0 0.0834554
1522.0 0.0857574
1523.0 0.0878275
1524.0 0.0896694
1525.0 0.0912856
1526.0 0.0926768
1527.0 0.0938337
1528.0 0.0947492
1529.0 0.0954219
1530.0 0.0958523
1531.0 0.0960388
1532.0 0.0959813
1533.0 0.0956758
1534.0 0.0951259
1535.0 0.094342
1536.0 0.093319
1537.0 0.0920495
1538.0 0.0905363
1539.0 0.0888078
1540.0 0.0868643
1541.0 0.0846952
1542.0 0.0822992
1543.0 0.0796931
1544.0 0.0769016
1545.0 0.0739193
1546.0 0.0707473
1547.0 0.0673928
1548.0 0.0638551
1549.0 0.0601715
1550.0 0.0563594
1551.0 0.0524072
1552.0 0.0482976
1553.0 0.044052
1554.0 0.0397309
1555.0 0.0353398
1556.0 0.0308192
1557.0 0.0262078
1558.0 0.0215449
1559.0 0.0168578
1560.0 0.0121144
1561.0 0.00732577
1562.0 0.00251932
1563.0 -0.00227898
1564.0 -0.00707611
1565.0 -0.0118711
1566.0 -0.0166274
1567.0 -0.021359
1568.0 -0.0260562
1569.0 -0.0306571
1570.0 -0.0351642
1571.0 -0.0396242
1572.0 -0.0440245
1573.0 -0.0482926
1574.0 -0.0523943
1575.0 -0.0563917
1576.0 -0.0603153
1577.0 -0.0640707
1578.0 -0.0676208
1579.0 -0.0710187
1580.0 -0.0742934
1581.0 -0.0773786
1582.0 -0.0802476
1583.0 -0.0829245
1584.0 -0.0854172
1585.0 -0.0876969
1586.0 -0.0897505
1587.0 -0.0915927
1588.0 -0.0932259
1589.0 -0.0946224
1590.0 -0.0957769
1591.0 -0.0967042
1592.0 -0.0974061
1593.0 -0.0978662
1594.0 -0.0980853
1595.0 -0.0980705
1596.0 -0.0978172
1597.0 -0.097324
1598.0 -0.0965996
1599.0 -0.0956549
1600.0 -0.0944748
1601.0 -0.0930567
1602.0 -0.0914289
1603.0 -0.0895968
1604.0 -0.0875509
1605.0 -0.0852839
1606.0 -0.0828295
1607.0 -0.0801983
1608.0 -0.0773801
1609.0 -0.074369
1610.0 -0.0712015
1611.0 -0.0678836
1612.0 -0.0644161
1613.0 -0.0608004
1614.0 -0.0570603
1615.0 -0.0531956
1616.0 -0.0492296
1617.0 -0.0451598
1618.0 -0.0409941
1619.0 -0.0367499
1620.0 -0.0324384
1621.0 -0.0280855
1622.0 -0.0236836
1623.0 -0.0192289
1624.0 -0.0147502
1625.0 -0.0102715
1626.0 -0.00580511
1627.0 -0.00132316
1628.0 0.00315036
1629.0 0.00757499
1630.0 0.0119457
1631.0 0.0162936
1632.0 0.0205775
1633.0 0.0247658
1634.0 0.028855
1635.0 0.0328972
1636.0 0.0368293
1637.0 0.0406156
1638.0 0.0442838
1639.0 0.0478656
1640.0 0.051284
1641.0 0.0545232
1642.0 0.0576177
1643.0 0.0605764
1644.0 0.0633641
1645.0 0.0659458
1646.0 0.0683363
1647.0 0.0705616
1648.0 0.0725976
1649.0 0.0744095
1650.0 0.0760059
1651.0 0.07741
1652.0 0.0786117
1653.0 0.0795852
1654.0 0.0803367
1655.0 0.0808746
1656.0 0.0811947
1657.0 0.0812922
1658.0 0.0811692
1659.0 0.0808301
1660.0 0.0802693
1661.0 0.0794965
1662.0 0.0785135
1663.0 0.0773138
1664.0 0.0759094
1665.0 0.0743147
1666.0 0.0725207
1667.0 0.0705316
1668.0 0.0683557
1669.0 0.0659974
1670.0 0.0634764
1671.0 0.0607948
1672.0 0.0579489
1673.0 0.0549532
1674.0 0.0518206
1675.0 0.048555
1676.0 0.0451691
1677.0 0.0416748
1678.0 0.038055
1679.0 0.0343332
1680.0 0.0305501
1681.0 0.026708
1682.0 0.0227684
1683.0 0.0187427
1684.0 0.0146982
1685.0 0.0106552
1686.0 0.00658104
1687.0 0.00243758
1688.0 -0.00171323
1689.0 -0.00581677
1690.0 -0.00989242
1691.0 -0.0139784
1692.0 -0.018039
1693.0 -0.0220445
1694.0 -0.0259689
1695.0 -0.0298279
1696.0 -0.033638
1697.0 -0.0373702
1698.0 -0.0409965
1699.0 -0.0444959
1700.0 -0.0478763
1701.0 -0.051169
1702.0 -0.0543462
1703.0 -0.0573552
1704.0 -0.0601884
1705.0 -0.0628721
1706.0 -0.0654365
1707.0 -0.0678235
1708.0 -0.0699998
1709.0 -0.0719876
1710.0 -0.0738203
1711.0 -0.0754545
1712.0 -0.0768705
1713.0 -0.078079
1714.0 -0.0790897
1715.0 -0.0798923
1716.0 -0.0804736
1717.0 -0.0808353
1718.0 -0.0809837
1719.0 -0.0809105
1720.0 -0.0806153
1721.0 -0.0801063
1722.0 -0.0793793
1723.0 -0.0784253
1724.0 -0.0772575
1725.0 -0.0758905
1726.0 -0.0743087
1727.0 -0.0725066
1728.0 -0.0705109
1729.0 -0.0683331
1730.0 -0.0659572
1731.0 -0.0633855
1732.0 -0.0606342
1733.0 -0.0577229
1734.0 -0.0546455
1735.0 -0.0514146
1736.0 -0.0480311
1737.0 -0.0444978
1738.0 -0.0408413
1739.0 -0.0370793
1740.0 -0.0331824
1741.0 -0.0291657
1742.0 -0.0250698
1743.0 -0.0209106
1744.0 -0.0166766
1745.0 -0.0123591
1746.0 -0.00797479
1747.0 -0.00356681
1748.0 0.000847527
1749.0 0.00529447
1750.0 0.00977595
1751.0 0.0142533
1752.0 0.0186974
1753.0 0.0231167
1754.0 0.0275172
1755.0 0.0318631
1756.0 0.0361438
1757.0 0.0403674
1758.0 0.0445317
1759.0 0.0485936
1760.0 0.0525362
1761.0 0.0563978
1762.0 0.0601469
1763.0 0.0637417
1764.0 0.0671911
1765.0 0.0705109
1766.0 0.0736805
1767.0 0.0766733
1768.0 0.0794861
1769.0 0.0821299
1770.0 0.0845845
1771.0 0.0868313
1772.0 0.0888795
1773.0 0.0907321
1774.0 0.0923679
1775.0 0.0937672
1776.0 0.0949427
1777.0 0.0959067
1778.0 0.0966399
1779.0 0.0971326
1780.0 0.0973902
1781.0 0.0974137
1782.0 0.0971965
1783.0 0.0967456
1784.0 0.096065
1785.0 0.0951448
1786.0 0.0939842
1787.0 0.0925957
1788.0 0.0909958
1789.0 0.0891707
1790.0 0.0871104
1791.0 0.0848357
1792.0 0.0823677
1793.0 0.0797021
1794.0 0.0768331
1795.0 0.0737724
1796.0 0.0705322
1797.0 0.0671262
1798.0 0.0635625
1799.0 0.0598464
1800.0 0.0559737
1801.0 0.0519551
1802.0 0.0478331
1803.0 0.0436053
1804.0 0.039248
1805.0 0.0347862
1806.0 0.0302594
1807.0 0.0256867
1808.0 0.0210274
1809.0 0.0162857
1810.0 0.0115321
1811.0 0.0067763
1812.0 0.00199432
1813.0 -0.00282073
1814.0 -0.00763936
1815.0 -0.0124008
1816.0 -0.0171069
1817.0 -0.0218015
1818.0 -0.0264854
1819.0 -0.0310744
1820.0 -0.035554
1821.0 -0.0399486
1822.0 -0.0442811
1823.0 -0.0485246
1824.0 -0.0526308
1825.0 -0.0565762
1826.0 -0.0603729
1827.0 -0.0640488
1828.0 -0.0675948
1829.0 -0.0709608
1830.0 -0.0741179
1831.0 -0.0770864
1832.0 -0.0798975
1833.0 -0.0825274
1834.0 -0.0849182
1835.0 -0.0870716
1836.0 -0.0890252
1837.0 -0.0907786
1838.0 -0.0923006
1839.0 -0.0935701
1840.0 -0.0946029
1841.0 -0.0954049
1842.0 -0.0959719
1843.0 -0.0962903
1844.0 -0.0963653
1845.0 -0.096198
1846.0 -0.0957858
1847.0 -0.0951301
1848.0 -0.0942319
1849.0 -0.0931019
1850.0 -0.0917479
1851.0 -0.0901559
1852.0 -0.088318
1853.0 -0.0862611
1854.0 -0.0840156
1855.0 -0.0815694
1856.0 -0.0788881
1857.0 -0.0759917
1858.0 -0.0729327
1859.0 -0.0697167
1860.0 -0.0663132
1861.0 -0.0627227
1862.0 -0.0589857
1863.0 -0.0551324
1864.0 -0.0511367
1865.0 -0.0469922
1866.0 -0.0427463
1867.0 -0.0384062
1868.0 -0.0339674
1869.0 -0.0294465
1870.0 -0.0248722
1871.0 -0.0202373
1872.0 -0.015519
1873.0 -0.0107855
1874.0 -0.00604587
1875.0 -0.00128672
1876.0 0.0034953
1877.0 0.00825997
1878.0 0.0129763
1879.0 0.0176665
1880.0 0.0223328
1881.0 0.0269312
1882.0 0.0314386
1883.0 0.0358862
1884.0 0.0402601
1885.0 0.044516
1886.0 0.0486439
1887.0 0.0526478
1888.0 0.0565444
1889.0 0.0603013
1890.0 0.063876
1891.0 0.0672955
1892.0 0.0705533
1893.0 0.0736388
1894.0 0.0765253
1895.0 0.0792169
1896.0 0.0817102
1897.0 0.0839897
1898.0 0.0860522
1899.0 0.0878969
1900.0 0.0895157
1901.0 0.0909071
1902.0 0.092063
1903.0 0.0929793
1904.0 0.0936576
1905.0 0.0940942
1906.0 0.0942876
1907.0 0.094237
1908.0 0.0939424
1909.0 0.0934042
1910.0 0.0926235
1911.0 0.0916063
1912.0 0.0903525
1913.0 0.0888662
1914.0 0.087152
1915.0 0.0852032
1916.0 0.0830335
1917.0 0.080663
1918.0 0.0780957
1919.0 0.0753046
1920.0 0.0723109
1921.0 0.0691535
1922.0 0.065827
1923.0 0.0622991
1924.0 0.0586037
1925.0 0.0547787
1926.0 0.0508371
1927.0 0.046744
1928.0 0.0424994
1929.0 0.0381465
1930.0 0.0337188
1931.0 0.0292122
1932.0 0.0245991
1933.0 0.0199016
1934.0 0.0151635
1935.0 0.0103908
1936.0 0.00557121
1937.0 0.000722632
1938.0 -0.00414146
1939.0 -0.00901427
1940.0 -0.0138704
1941.0 -0.018693
1942.0 -0.0234865
1943.0 -0.0282838
1944.0 -0.033005
1945.0 -0.0376372
1946.0 -0.0422016
1947.0 -0.0467217
1948.0 -0.0511549
1949.0 -0.0554473
1950.0 -0.0596066
1951.0 -0.0636816
1952.0 -0.0676357
1953.0 -0.0714464
1954.0 -0.0751034
1955.0 -0.0786002
1956.0 -0.081938
1957.0 -0.0851168
1958.0 -0.0881271
1959.0 -0.0909474
1960.0 -0.0935793
1961.0 -0.096019
1962.0 -0.0982752
1963.0 -0.100338
1964.0 -0.102192
1965.0 -0.103842
1966.0 -0.105289
1967.0 -0.10654
1968.0 -0.107583
1969.0 -0.108416
1970.0 -0.109046
1971.0 -0.10948
1972.0 -0.10971
1973.0 -0.109744
1974.0 -0.109586
1975.0 -0.109235
1976.0 -0.108698
1977.0 -0.107985
1978.0 -0.107098
1979.0 -0.106035
1980.0 -0.104809
1981.0 -0.10343
1982.0 -0.101903
1983.0 -0.10023
1984.0 -0.0984195
1985.0 -0.0964805
1986.0 -0.0944212
1987.0 -0.0922524
1988.0 -0.0899763
1989.0 -0.0875937
1990.0 -0.0851238
1991.0 -0.0825784
1992.0 -0.079963
1993.0 -0.0772572
1994.0 -0.0744791
1995.0 -0.071659
1996.0 -0.0688046
1997.0 -0.0658951
1998.0 -0.0629221
1999.0 -0.0599317
2000.0 -0.0569293
2001.0 -0.0538954
2002.0 -0.0508096
2003.0 -0.047713
2004.0 -0.0446311
2005.0 -0.0415391
2006.0 -0.0384041
2007.0 -0.0352612
2008.0 -0.0321467
2009.0 -0.0290284
2010.0 -0.0258851
2011.0 -0.0227406
2012.0 -0.0196292
2013.0 -0.0165178
2014.0 -0.0133723
2015.0 -0.0102433
2016.0 -0.00715176
2017.0 -0.00405669
2018.0 -0.000942727
2019.0 0.00216916
2020.0 0.00523095
2021.0 0.00827598
2022.0 0.0113534
2023.0 0.0144289
2024.0 0.0174495
2025.0 0.0204366
2026.0 0.0234527
2027.0 0.0264608
2028.0 0.0294179
2029.0 0.0323333
2030.0 0.0352395
2031.0 0.0381444
2032.0 0.041004
2033.0 0.0438056
2034.0 0.0465832
2035.0 0.04934
2036.0 0.0520471
2037.0 0.0546959
2038.0 0.057304
2039.0 0.0598586
2040.0 0.0623554
2041.0 0.0647873
2042.0 0.0671561
2043.0 0.069468
2044.0 0.0717052
2045.0 0.0738593
2046.0 0.0759433
2047.0 0.0779428
2048.0 0.079862
2049.0 0.0816913
2050.0 0.0834231
2051.0 0.0850626
2052.0 0.0866108
2053.0 0.0880609
2054.0 0.0894023
2055.0 0.0906349
2056.0 0.0917638
2057.0 0.0927913
2058.0 0.0937053
2059.0 0.0944969
2060.0 0.0951774
2061.0 0.0957483
2062.0 0.0961993
2063.0 0.0965324
2064.0 0.0967484
2065.0 0.0968445
2066.0 0.0968229
2067.0 0.0966851
2068.0 0.0964284
2069.0 0.096053
2070.0 0.0955589
2071.0 0.0949555
2072.0 0.0942418
2073.0 0.0934068
2074.0 0.0924568
2075.0 0.0914096
2076.0 0.0902594
2077.0 0.0889991
2078.0 0.0876317
2079.0 0.0861723
2080.0 0.0846294
2081.0 0.0829887
2082.0 0.0812502
2083.0 0.0794382
2084.0 0.0775562
2085.0 0.0755887
2086.0 0.0735455
2087.0 0.0714403
2088.0 0.0692768
2089.0 0.0670612
2090.0 0.0647844
2091.0 0.062465
2092.0 0.0601093
2093.0 0.0577104
2094.0 0.0552843
2095.0 0.0528412
2096.0 0.0503719
2097.0 0.0478785
2098.0 0.0453764
2099.0 0.042885
2100.0 0.0404025
2101.0 0.0379063
2102.0 0.0354107
2103.0 0.0329508
2104.0 0.0305268
2105.0 0.0281156
2106.0 0.0257192
2107.0 0.0233609
2108.0 0.0210479
2109.0 0.0187809
2110.0 0.0165632
2111.0 0.0143897
2112.0 0.0122618
2113.0 0.0101894
2114.0 0.00817915
2115.0 0.00623323
2116.0 0.00434307
2117.0 0.00250695
2118.0 0.000738129
2119.0 -0.000950243
2120.0 -0.00257259
2121.0 -0.00413634
2122.0 -0.00564065
2123.0 -0.00706613
2124.0 -0.00842101
2125.0 -0.00971052
2126.0 -0.0109358
2127.0 -0.0120939
2128.0 -0.0131815
2129.0 -0.0142094
2130.0 -0.0151714
2131.0 -0.0160683
2132.0 -0.0169081
2133.0 -0.0176898
2134.0 -0.0184086
2135.0 -0.0190705
2136.0 -0.0196817
2137.0 -0.0202428
2138.0 -0.0207506
2139.0 -0.0212042
2140.0 -0.0216133
2141.0 -0.0219809
2142.0 -0.0223015
2143.0 -0.0225785
2144.0 -0.0228212
2145.0 -0.0230231
2146.0 -0.0231903
2147.0 -0.023321
2148.0 -0.0234208
2149.0 -0.0234915
2150.0 -0.0235323
2151.0 -0.0235454
2152.0 -0.0235338
2153.0 -0.0234985
2154.0 -0.0234403
2155.0 -0.0233624
2156.0 -0.0232639
2157.0 -0.0231462
2158.0 -0.0230123
2159.0 -0.0228627
2160.0 -0.0226987
2161.0 -0.0225226
2162.0 -0.0223332
2163.0 -0.0221326
2164.0 -0.0219234
2165.0 -0.0217038
2166.0 -0.0214746
2167.0 -0.021238
2168.0 -0.0209957
2169.0 -0.0207476
2170.0 -0.020496
2171.0 -0.0202373
2172.0 -0.0199736
2173.0 -0.0197057
2174.0 -0.0194382
2175.0 -0.019169
2176.0 -0.0188987
2177.0 -0.0186224
2178.0 -0.0183477
2179.0 -0.0180736
2180.0 -0.0177982
2181.0 -0.0175216
2182.0 -0.0172469
2183.0 -0.0169746
2184.0 -0.0167022
2185.0 -0.0164302
2186.0 -0.0161602
2187.0 -0.0158915
2188.0 -0.0156263
2189.0 -0.0153637
2190.0 -0.015101
2191.0 -0.0148419
2192.0 -0.0145853
2193.0 -0.0143312
2194.0 -0.0140812
2195.0 -0.0138321
2196.0 -0.0135856
2197.0 -0.0133442
2198.0 -0.0131081
2199.0 -0.012871
2200.0 -0.0126365
2201.0 -0.0124082
2202.0 -0.0121841
2203.0 -0.0119615
2204.0 -0.0117408
2205.0 -0.0115247
2206.0 -0.0113148
2207.0 -0.0111067
2208.0 -0.0108989
2209.0 -0.0106956
2210.0 -0.0104975
2211.0 -0.010304
2212.0 -0.01011
2213.0 -0.00991833
2214.0 -0.00973321
2215.0 -0.00955281
2216.0 -0.00937396
2217.0 -0.0091956
2218.0 -0.00902355
2219.0 -0.00885522
2220.0 -0.00868837
2221.0 -0.00852411
2222.0 -0.00836251
2223.0 -0.00820676
2224.0 -0.00805307
2225.0 -0.00790097
2226.0 -0.00775109
2227.0 -0.00760673
2228.0 -0.00746274
2229.0 -0.00732296
2230.0 -0.00718515
2231.0 -0.00705109
2232.0 -0.00691905
2233.0 -0.00678903
2234.0 -0.00666166
2235.0 -0.00653677
2236.0 -0.00641433
2237.0 -0.00629406
2238.0 -0.00617721
2239.0 -0.00606147
2240.0 -0.00594807
2241.0 -0.00583864
2242.0 -0.00573106
2243.0 -0.00562545
2244.0 -0.0055205
2245.0 -0.00541749
2246.0 -0.00531829
2247.0 -0.00522028
2248.0 -0.0051236
2249.0 -0.00502919
2250.0 -0.00493626
2251.0 -0.00484559
2252.0 -0.00475795
2253.0 -0.00467034
2254.0 -0.00458517
2255.0 -0.0045025
2256.0 -0.0044206
2257.0 -0.00434107
2258.0 -0.00426275
2259.0 -0.00418451
2260.0 -0.0041096
2261.0 -0.00403647
2262.0 -0.00396453
2263.0 -0.00389368
2264.0 -0.00382413
2265.0 -0.00375599
2266.0 -0.00368988
2267.0 -0.0036245
2268.0 -0.00355942
2269.0 -0.00349807
2270.0 -0.00343748
2271.0 -0.00337603
2272.0 -0.0033171
2273.0 -0.00325774
2274.0 -0.00320223
2275.0 -0.00314628
2276.0 -0.00309191
2277.0 -0.00303883
2278.0 -0.00298704
2279.0 -0.00293484
2280.0 -0.00288328
2281.0 -0.00283414
2282.0 -0.00278495
2283.0 -0.00273784
2284.0 -0.00269162
2285.0 -0.00264559
2286.0 -0.00260119
2287.0 -0.00255712
2288.0 -0.00251344
2289.0 -0.00247253
2290.0 -0.00243267
2291.0 -0.00239048
2292.0 -0.0023499
2293.0 -0.00231186
2294.0 -0.00227334
2295.0 -0.00223675
2296.0 -0.00220041
2297.0 -0.002164
2298.0 -0.00212888
2299.0 -0.00209293
2300.0 -0.00206036
2301.0 -0.00202527
2302.0 -0.00199333
2303.0 -0.00196095
2304.0 -0.00193048
2305.0 -0.00189912
2306.0 -0.00186791
2307.0 -0.00183902
2308.0 -0.00180961
2309.0 -0.00178141
2310.0 -0.00175305
2311.0 -0.00172509
2312.0 -0.00169659
2313.0 -0.00167128
2314.0 -0.00164497
2315.0 -0.00162054
2316.0 -0.00159606
2317.0 -0.00157132
2318.0 -0.00154762
2319.0 -0.00152225
2320.0 -0.0014987
2321.0 -0.00147721
2322.0 -0.00145454
2323.0 -0.00143177
2324.0 -0.00141056
2325.0 -0.00139011
2326.0 -0.00136714
2327.0 -0.00134749
2328.0 -0.00132843
2329.0 -0.00130827
2330.0 -0.00128778
2331.0 -0.00126827
2332.0 -0.00125155
2333.0 -0.00123203
2334.0 -0.00121377
2335.0 -0.00119504
2336.0 -0.00117941
2337.0 -0.00116198
2338.0 -0.00114467
2339.0 -0.0011259
2340.0 -0.00110989
2341.0 -0.00109437
2342.0 -0.00107815
2343.0 -0.00106287
2344.0 -0.00104762
2345.0 -0.00103364
2346.0 -0.00101917
2347.0 -0.00100384
2348.0 -0.000989869
2349.0 -0.000975842
2350.0 -0.000962712
2351.0 -0.000949638
2352.0 -0.000934467
2353.0 -0.000921311
2354.0 -0.000909729
2355.0 -0.000897112
2356.0 -0.000885381
2357.0 -0.000872911
2358.0 -0.00086132
2359.0 -0.000849301
2360.0 -0.000839097
2361.0 -0.000827676
2362.0 -0.000815333
2363.0 -0.000804674
2364.0 -0.000793437
2365.0 -0.000783848
2366.0 -0.000773106
2367.0 -0.000760727
2368.0 -0.000752747
2369.0 -0.000744299
2370.0 -0.00073317
2371.0 -0.000723744
2372.0 -0.000713799
2373.0 -0.000704132
2374.0 -0.00069549
2375.0 -0.000686254
2376.0 -0.000677974
2377.0 -0.000669943
2378.0 -0.00066136
2379.0 -0.000653203
2380.0 -0.000644715
2381.0 -0.000637343
2382.0 -0.000628698
2383.0 -0.000621812
2384.0 -0.000613864
2385.0 -0.00060706
2386.0 -0.00059919
2387.0 -0.000591568
2388.0 -0.000584249
2389.0 -0.000576763
2390.0 -0.000569749
2391.0 -0.000562716
2392.0 -0.000556755
2393.0 -0.000550464
2394.0 -0.00054363
2395.0 -0.000536273
2396.0 -0.000529679
2397.0 -0.000523569
2398.0 -0.000517102
2399.0 -0.000511271
2400.0 -0.000505189
2401.0 -0.000499995
2402.0 -0.000494427
2403.0 -0.000489412
2404.0 -0.000483454
2405.0 -0.000477313
2406.0 -0.000472704
2407.0 -0.000465918
2408.0 -0.000461505
2409.0 -0.000456128
2410.0 -0.00045161
2411.0 -0.000446019
2412.0 -0.000441394
2413.0 -0.000435615
2414.0 -0.0004311
2415.0 -0.000424772
2416.0 -0.000419595
2417.0 -0.00041679
2418.0 -0.000412558
2419.0 -0.000407192
2420.0 -0.000402792
2421.0 -0.000398452
2422.0 -0.000393888
2423.0 -0.000389242
2424.0 -0.000385641
2425.0 -0.00038242
2426.0 -0.000377359
2427.0 -0.000373473
2428.0 -0.000369202
2429.0 -0.000366333
2430.0 -0.000362695
2431.0 -0.000358703
2432.0 -0.000354298
2433.0 -0.000351419
2434.0 -0.000348455
2435.0 -0.000343396
2436.0 -0.000340551
2437.0 -0.000337067
2438.0 -0.000334679
2439.0 -0.000331133
2440.0 -0.000326848
2441.0 -0.000323939
2442.0 -0.00031908
2443.0 -0.0003159
2444.0 -0.000313884
2445.0 -0.000311644
2446.0 -0.000308183
2447.0 -0.000304771
2448.0 -0.00030182
2449.0 -0.000298369
2450.0 -0.000296014
2451.0 -0.000292845
2452.0 -0.000289804
2453.0 -0.000288438
2454.0 -0.00028453
2455.0 -0.000281622
2456.0 -0.000279757
2457.0 -0.000275413
2458.0 -0.000271801
2459.0 -0.000271227
2460.0 -0.000267724
2461.0 -0.000266009
2462.0 -0.00026312
2463.0 -0.000261427
2464.0 -0.000258691
2465.0 -0.000256145
2466.0 -0.000254849
2467.0 -0.000252987
2468.0 -0.000250921
2469.0 -0.000247555
2470.0 -0.000247297
