-2651.0 6.6693e-06
-2650.0 8.5495e-06
-2649.0 7.98226e-06
-2648.0 7.20519e-06
-2647.0 8.9462e-06
-2646.0 8.55801e-06
-2645.0 9.1217e-06
-2644.0 9.77636e-06
-2643.0 9.50729e-06
-2642.0 1.00545e-05
-2641.0 9.86646e-06
-2640.0 1.01244e-05
-2639.0 1.06044e-05
-2638.0 1.04645e-05
-2637.0 1.07092e-05
-2636.0 1.17991e-05
-2635.0 1.20746e-05
-2634.0 1.10448e-05
-2633.0 1.1005e-05
-2632.0 1.18197e-05
-2631.0 1.28838e-05
-2630.0 1.17285e-05
-2629.0 1.40501e-05
-2628.0 1.47266e-05
-2627.0 1.36666e-05
-2626.0 1.24043e-05
-2625.0 1.26537e-05
-2624.0 1.40806e-05
-2623.0 1.29799e-05
-2622.0 1.46113e-05
-2621.0 1.55924e-05
-2620.0 1.44371e-05
-2619.0 1.39623e-05
-2618.0 1.44075e-05
-2617.0 1.5073e-05
-2616.0 1.52998e-05
-2615.0 1.54115e-05
-2614.0 1.64519e-05
-2613.0 1.70339e-05
-2612.0 1.60764e-05
-2611.0 1.62184e-05
-2610.0 1.70251e-05
-2609.0 1.645e-05
-2608.0 1.73076e-05
-2607.0 1.84081e-05
-2606.0 1.884e-05
-2605.0 1.88944e-05
-2604.0 2.01381e-05
-2603.0 2.12224e-05
-2602.0 2.00605e-05
-2601.0 1.87736e-05
-2600.0 2.10933e-05
-2599.0 2.01779e-05
-2598.0 2.08545e-05
-2597.0 2.2501e-05
-2596.0 2.07524e-05
-2595.0 2.2496e-05
-2594.0 2.16958e-05
-2593.0 2.26672e-05
-2592.0 2.33849e-05
-2591.0 2.34678e-05
-2590.0 2.46177e-05
-2589.0 2.4869e-05
-2588.0 2.44939e-05
-2587.0 2.43008e-05
-2586.0 2.49623e-05
-2585.0 2.56906e-05
-2584.0 2.55883e-05
-2583.0 2.51457e-05
-2582.0 2.7243e-05
-2581.0 2.65932e-05
-2580.0 2.86295e-05
-2579.0 3.04043e-05
-2578.0 2.89093e-05
-2577.0 2.88877e-05
-2576.0 3.05662e-05
-2575.0 3.14317e-05
-2574.0 2.95221e-05
-2573.0 3.16419e-05
-2572.0 3.0793e-05
-2571.0 3.28904e-05
-2570.0 3.35221e-05
-2569.0 3.28135e-05
-2568.0 3.40089e-05
-2567.0 3.37932e-05
-2566.0 3.46687e-05
-2565.0 3.52606e-05
-2564.0 3.51855e-05
-2563.0 3.48806e-05
-2562.0 3.48371e-05
-2561.0 3.61676e-05
-2560.0 3.64222e-05
-2559.0 3.70866e-05
-2558.0 3.58893e-05
-2557.0 3.71679e-05
-2556.0 3.90483e-05
-2555.0 3.85112e-05
-2554.0 3.9566e-05
-2553.0 3.84643e-05
-2552.0 4.06504e-05
-2551.0 4.01426e-05
-2550.0 4.4243e-05
-2549.0 4.27379e-05
-2548.0 4.30939e-05
-2547.0 4.25852e-05
-2546.0 4.39175e-05
-2545.0 4.48495e-05
-2544.0 4.54325e-05
-2543.0 4.5393e-05
-2542.0 4.67076e-05
-2541.0 4.72017e-05
-2540.0 4.64443e-05
-2539.0 4.75926e-05
-2538.0 4.87897e-05
-2537.0 4.97771e-05
-2536.0 5.11542e-05
-2535.0 5.05548e-05
-2534.0 5.06514e-05
-2533.0 5.24704e-05
-2532.0 5.35071e-05
-2531.0 5.45974e-05
-2530.0 5.50991e-05
-2529.0 5.57115e-05
-2528.0 5.622e-05
-2527.0 5.56385e-05
-2526.0 5.67378e-05
-2525.0 5.79168e-05
-2524.0 5.8612e-05
-2523.0 5.83834e-05
-2522.0 6.09695e-05
-2521.0 6.21139e-05
-2520.0 6.26566e-05
-2519.0 6.257e-05
-2518.0 6.43184e-05
-2517.0 6.55654e-05
-2516.0 6.64033e-05
-2515.0 6.691e-05
-2514.0 6.74229e-05
-2513.0 6.83405e-05
-2512.0 6.93931e-05
-2511.0 7.08126e-05
-2510.0 7.12866e-05
-2509.0 7.16293e-05
-2508.0 7.19372e-05
-2507.0 7.38122e-05
-2506.0 7.55355e-05
-2505.0 7.71012e-05
-2504.0 7.69519e-05
-2503.0 7.70598e-05
-2502.0 7.87832e-05
-2501.0 7.87439e-05
-2500.0 8.10417e-05
-2499.0 8.11262e-05
-2498.0 8.2594e-05
-2497.0 8.44455e-05
-2496.0 8.53676e-05
-2495.0 8.4648e-05
-2494.0 8.63453e-05
-2493.0 8.76212e-05
-2492.0 8.81753e-05
-2491.0 9.03912e-05
-2490.0 9.15232e-05
-2489.0 9.30446e-05
-2488.0 9.46152e-05
-2487.0 9.53137e-05
-2486.0 9.60906e-05
-2485.0 9.75306e-05
-2484.0 9.98988e-05
-2483.0 0.000100516
-2482.0 0.000102203
-2481.0 0.000102595
-2480.0 0.000103233
-2479.0 0.00010452
-2478.0 0.000106857
-2477.0 0.000108481
-2476.0 0.000109053
-2475.0 0.000111327
-2474.0 0.000112474
-2473.0 0.000114192
-2472.0 0.000114845
-2471.0 0.00011636
-2470.0 0.000118181
-2469.0 0.000119753
-2468.0 0.000122145
-2467.0 0.000122987
-2466.0 0.000124908
-2465.0 0.000127655
-2464.0 0.000127664
-2463.0 0.000128189
-2462.0 0.000131596
-2461.0 0.000133599
-2460.0 0.000134809
-2459.0 0.00013727
-2458.0 0.000138613
-2457.0 0.000140285
-2456.0 0.000141287
-2455.0 0.000142652
-2454.0 0.00014502
-2453.0 0.000147365
-2452.0 0.000149846
-2451.0 0.000151265
-2450.0 0.000153978
-2449.0 0.000155821
-2448.0 0.000158765
-2447.0 0.000159416
-2446.0 0.000161354
-2445.0 0.000164474
-2444.0 0.000165345
-2443.0 0.00017017
-2442.0 0.000170439
-2441.0 0.000172532
-2440.0 0.000176074
-2439.0 0.000177633
-2438.0 0.000179785
-2437.0 0.000181805
-2436.0 0.000183497
-2435.0 0.000186584
-2434.0 0.000189087
-2433.0 0.000190706
-2432.0 0.000194564
-2431.0 0.000197556
-2430.0 0.000199836
-2429.0 0.00020279
-2428.0 0.000205632
-2427.0 0.000208573
-2426.0 0.000211935
-2425.0 0.000214783
-2424.0 0.000218211
-2423.0 0.000218723
-2422.0 0.000222572
-2421.0 0.000226091
-2420.0 0.00023002
-2419.0 0.000233631
-2418.0 0.000236624
-2417.0 0.000239319
-2416.0 0.000243368
-2415.0 0.000248149
-2414.0 0.000251502
-2413.0 0.000254349
-2412.0 0.000256765
-2411.0 0.000259988
-2410.0 0.000265341
-2409.0 0.000269245
-2408.0 0.000272861
-2407.0 0.000277556
-2406.0 0.000280384
-2405.0 0.000284653
-2404.0 0.000288404
-2403.0 0.000292058
-2402.0 0.00029724
-2401.0 0.000301618
-2400.0 0.000305633
-2399.0 0.000310831
-2398.0 0.000315482
-2397.0 0.000318942
-2396.0 0.000322791
-2395.0 0.000328259
-2394.0 0.000334051
-2393.0 0.000338809
-2392.0 0.000343438
-2391.0 0.000347806
-2390.0 0.000353828
-2389.0 0.000358939
-2388.0 0.000364188
-2387.0 0.000369431
-2386.0 0.000375554
-2385.0 0.00038165
-2384.0 0.000387103
-2383.0 0.000393462
-2382.0 0.000398606
-2381.0 0.000404428
-2380.0 0.000411878
-2379.0 0.00041775
-2378.0 0.000423797
-2377.0 0.000431183
-2376.0 0.000437343
-2375.0 0.000444337
-2374.0 0.00045199
-2373.0 0.000457441
-2372.0 0.000465946
-2371.0 0.000473694
-2370.0 0.000480329
-2369.0 0.000487172
-2368.0 0.000494972
-2367.0 0.00050295
-2366.0 0.000510096
-2365.0 0.00051891
-2364.0 0.000527451
-2363.0 0.00053596
-2362.0 0.000545477
-2361.0 0.000554536
-2360.0 0.0005624
-2359.0 0.000571495
-2358.0 0.000581796
-2357.0 0.000590438
-2356.0 0.00059921
-2355.0 0.000608883
-2354.0 0.000618659
-2353.0 0.000629096
-2352.0 0.000640071
-2351.0 0.000651221
-2350.0 0.00066085
-2349.0 0.000672437
-2348.0 0.00068391
-2347.0 0.000693354
-2346.0 0.00070678
-2345.0 0.000718542
-2344.0 0.000730334
-2343.0 0.000743566
-2342.0 0.000755666
-2341.0 0.000768318
-2340.0 0.00078147
-2339.0 0.00079463
-2338.0 0.000808057
-2337.0 0.000823249
-2336.0 0.000837451
-2335.0 0.000852214
-2334.0 0.000866789
-2333.0 0.000880496
-2332.0 0.000897018
-2331.0 0.000912572
-2330.0 0.000927781
-2329.0 0.000944965
-2328.0 0.000962688
-2327.0 0.000978724
-2326.0 0.000996931
-2325.0 0.00101324
-2324.0 0.00103228
-2323.0 0.00105146
-2322.0 0.00106892
-2321.0 0.00108944
-2320.0 0.001109
-2319.0 0.00113021
-2318.0 0.00115018
-2317.0 0.00117253
-2316.0 0.00119384
-2315.0 0.00121504
-2314.0 0.00123819
-2313.0 0.00126184
-2312.0 0.00128466
-2311.0 0.00130797
-2310.0 0.00133384
-2309.0 0.00135925
-2308.0 0.00138427
-2307.0 0.00141125
-2306.0 0.00143829
-2305.0 0.00146576
-2304.0 0.00149415
-2303.0 0.00152283
-2302.0 0.00155121
-2301.0 0.00158207
-2300.0 0.00161451
-2299.0 0.00164522
-2298.0 0.0016776
-2297.0 0.00170939
-2296.0 0.00174547
-2295.0 0.00177973
-2294.0 0.00181496
-2293.0 0.00185058
-2292.0 0.00188836
-2291.0 0.00192836
-2290.0 0.00196648
-2289.0 0.0020067
-2288.0 0.00204804
-2287.0 0.00208886
-2286.0 0.00213325
-2285.0 0.0021779
-2284.0 0.00222264
-2283.0 0.00226998
-2282.0 0.0023169
-2281.0 0.00236478
-2280.0 0.00241496
-2279.0 0.0024662
-2278.0 0.00251978
-2277.0 0.00257348
-2276.0 0.00262884
-2275.0 0.00268527
-2274.0 0.00274308
-2273.0 0.00280186
-2272.0 0.00286232
-2271.0 0.00292415
-2270.0 0.00299017
-2269.0 0.00305707
-2268.0 0.00312387
-2267.0 0.00319265
-2266.0 0.00326387
-2265.0 0.0033378
-2264.0 0.00341278
-2263.0 0.0034906
-2262.0 0.00357019
-2261.0 0.00365117
-2260.0 0.00373387
-2259.0 0.00382038
-2258.0 0.00390931
-2257.0 0.00399971
-2256.0 0.00409302
-2255.0 0.00418817
-2254.0 0.00428824
-2253.0 0.00439125
-2252.0 0.00449329
-2251.0 0.00460069
-2250.0 0.00471084
-2249.0 0.00482326
-2248.0 0.00493865
-2247.0 0.00506003
-2246.0 0.00518186
-2245.0 0.0053091
-2244.0 0.00543977
-2243.0 0.00557402
-2242.0 0.00571325
-2241.0 0.00585424
-2240.0 0.006
-2239.0 0.00615127
-2238.0 0.0063066
-2237.0 0.00646695
-2236.0 0.00662975
-2235.0 0.00679862
-2234.0 0.00697347
-2233.0 0.00715554
-2232.0 0.00734016
-2231.0 0.00753042
-2230.0 0.00772684
-2229.0 0.0079293
-2228.0 0.00814079
-2227.0 0.00835649
-2226.0 0.00857848
-2225.0 0.00880623
-2224.0 0.00904213
-2223.0 0.00928738
-2222.0 0.00953886
-2221.0 0.00979967
-2220.0 0.0100662
-2219.0 0.0103411
-2218.0 0.0106285
-2217.0 0.0109244
-2216.0 0.0112287
-2215.0 0.0115411
-2214.0 0.0118635
-2213.0 0.0121993
-2212.0 0.0125478
-2211.0 0.0129057
-2210.0 0.0132735
-2209.0 0.0136542
-2208.0 0.014048
-2207.0 0.0144555
-2206.0 0.0148781
-2205.0 0.0153149
-2204.0 0.0157654
-2203.0 0.016231
-2202.0 0.0167109
-2201.0 0.0172073
-2200.0 0.0177233
-2199.0 0.0182556
-2198.0 0.0188076
-2197.0 0.0193799
-2196.0 0.0199699
-2195.0 0.0205801
-2194.0 0.0212126
-2193.0 0.0218708
-2192.0 0.0225503
-2191.0 0.0232534
-2190.0 0.0239782
-2189.0 0.0247328
-2188.0 0.0255151
-2187.0 0.026324
-2186.0 0.027161
-2185.0 0.0280281
-2184.0 0.0289299
-2183.0 0.0298657
-2182.0 0.0308349
-2181.0 0.0318362
-2180.0 0.0328746
-2179.0 0.0339537
-2178.0 0.0350732
-2177.0 0.0362344
-2176.0 0.0374345
-2175.0 0.0386811
-2174.0 0.0399817
-2173.0 0.0413281
-2172.0 0.0427213
-2171.0 0.0441667
-2170.0 0.0456666
-2169.0 0.0472206
-2168.0 0.048839
-2167.0 0.0505256
-2166.0 0.0522687
-2165.0 0.0540712
-2164.0 0.0559407
-2163.0 0.0578947
-2162.0 0.059929
-2161.0 0.0620398
-2160.0 0.0642175
-2159.0 0.0664718
-2158.0 0.0688198
-2157.0 0.0712685
-2156.0 0.0738131
-2155.0 0.0764482
-2154.0 0.0791734
-2153.0 0.0820014
-2152.0 0.0849467
-2151.0 0.0880132
-2150.0 0.0911942
-2149.0 0.0944784
-2148.0 0.0978761
-2147.0 0.101406
-2146.0 0.105079
-2145.0 0.108891
-2144.0 0.112828
-2143.0 0.116898
-2142.0 0.121108
-2141.0 0.125462
-2140.0 0.129961
-2139.0 0.134608
-2138.0 0.139404
-2137.0 0.14433
-2136.0 0.149382
-2135.0 0.154553
-2134.0 0.159847
-2133.0 0.165268
-2132.0 0.170792
-2131.0 0.176368
-2130.0 0.181956
-2129.0 0.187544
-2128.0 0.193113
-2127.0 0.198607
-2126.0 0.203937
-2125.0 0.209015
-2124.0 0.213759
-2123.0 0.218076
-2122.0 0.221836
-2121.0 0.224893
-2120.0 0.227084
-2119.0 0.228253
-2118.0 0.228231
-2117.0 0.226833
-2116.0 0.22391
-2115.0 0.219332
-2114.0 0.21296
-2113.0 0.2047
-2112.0 0.194507
-2111.0 0.182421
-2110.0 0.168546
-2109.0 0.152942
-2108.0 0.135666
-2107.0 0.116875
-2106.0 0.0967573
-2105.0 0.0755369
-2104.0 0.053309
-2103.0 0.03016
-2102.0 0.00633953
-2101.0 -0.0179855
-2100.0 -0.0427694
-2099.0 -0.0678784
-2098.0 -0.0931911
-2097.0 -0.11859
-2096.0 -0.143882
-2095.0 -0.169003
-2094.0 -0.19389
-2093.0 -0.218398
-2092.0 -0.242295
-2091.0 -0.265501
-2090.0 -0.28806
-2089.0 -0.309774
-2088.0 -0.330587
-2087.0 -0.350411
-2086.0 -0.369332
-2085.0 -0.38748
-2084.0 -0.404985
-2083.0 -0.421939
-2082.0 -0.438394
-2081.0 -0.454559
-2080.0 -0.4707
-2079.0 -0.486977
-2078.0 -0.503377
-2077.0 -0.519796
-2076.0 -0.536143
-2075.0 -0.55239
-2074.0 -0.568371
-2073.0 -0.583658
-2072.0 -0.597838
-2071.0 -0.61058
-2070.0 -0.621614
-2069.0 -0.63075
-2068.0 -0.637753
-2067.0 -0.642432
-2066.0 -0.644751
-2065.0 -0.644719
-2064.0 -0.64232
-2063.0 -0.637559
-2062.0 -0.63058
-2061.0 -0.621549
-2060.0 -0.610666
-2059.0 -0.598156
-2058.0 -0.584351
-2057.0 -0.569636
-2056.0 -0.554386
-2055.0 -0.538906
-2054.0 -0.523386
-2053.0 -0.507912
-2052.0 -0.492603
-2051.0 -0.47747
-2050.0 -0.462449
-2049.0 -0.447403
-2048.0 -0.432097
-2047.0 -0.416329
-2046.0 -0.399987
-2045.0 -0.383022
-2044.0 -0.365317
-2043.0 -0.346739
-2042.0 -0.327263
-2041.0 -0.30696
-2040.0 -0.285919
-2039.0 -0.264308
-2038.0 -0.242264
-2037.0 -0.219913
-2036.0 -0.197296
-2035.0 -0.174635
-2034.0 -0.152117
-2033.0 -0.12998
-2032.0 -0.108356
-2031.0 -0.0873964
-2030.0 -0.0673375
-2029.0 -0.04825
-2028.0 -0.0303699
-2027.0 -0.0139704
-2026.0 0.000767149
-2025.0 0.0137513
-2024.0 0.0248853
-2023.0 0.0340402
-2022.0 0.0411101
-2021.0 0.0460669
-2020.0 0.0489905
-2019.0 0.0499726
-2018.0 0.0491299
-2017.0 0.046631
-2016.0 0.0426987
-2015.0 0.0375482
-2014.0 0.03138
-2013.0 0.0244269
-2012.0 0.0169694
-2011.0 0.00933811
-2010.0 0.00176727
-2009.0 -0.00552622
-2008.0 -0.0122303
-2007.0 -0.0179643
-2006.0 -0.0223608
-2005.0 -0.0250917
-2004.0 -0.0258019
-2003.0 -0.0240821
-2002.0 -0.0195757
-2001.0 -0.012009
-2000.0 -0.00113577
-1999.0 0.0132923
-1998.0 0.0314436
-1997.0 0.0532177
-1996.0 0.0784669
-1995.0 0.107125
-1994.0 0.139165
-1993.0 0.174684
-1992.0 0.213334
-1991.0 0.254787
-1990.0 0.299039
-1989.0 0.346244
-1988.0 0.396421
-1987.0 0.449254
-1986.0 0.50447
-1985.0 0.561894
-1984.0 0.621351
-1983.0 0.682299
-1982.0 0.743805
-1981.0 0.804902
-1980.0 0.864477
-1979.0 0.921227
-1978.0 0.973807
-1977.0 1.02093
-1976.0 1.06176
-1975.0 1.09586
-1974.0 1.12317
-1973.0 1.14415
-1972.0 1.15954
-1971.0 1.17012
-1970.0 1.17653
-1969.0 1.17928
-1968.0 1.17857
-1967.0 1.17434
-1966.0 1.1663
-1965.0 1.15389
-1964.0 1.13634
-1963.0 1.11298
-1962.0 1.08348
-1961.0 1.04762
-1960.0 1.00551
-1959.0 0.958083
-1958.0 0.906358
-1957.0 0.851753
-1956.0 0.79564
-1955.0 0.738967
-1954.0 0.682568
-1953.0 0.627117
-1952.0 0.573346
-1951.0 0.521642
-1950.0 0.472123
-1949.0 0.424564
-1948.0 0.378793
-1947.0 0.335009
-1946.0 0.293234
-1945.0 0.253145
-1944.0 0.214339
-1943.0 0.176565
-1942.0 0.139746
-1941.0 0.103835
-1940.0 0.0686289
-1939.0 0.0338894
-1938.0 -0.000799111
-1937.0 -0.0356364
-1936.0 -0.0706679
-1935.0 -0.105847
-1934.0 -0.141571
-1933.0 -0.178167
-1932.0 -0.21597
-1931.0 -0.254795
-1930.0 -0.294739
-1929.0 -0.336302
-1928.0 -0.379856
-1927.0 -0.425308
-1926.0 -0.47269
-1925.0 -0.522124
-1924.0 -0.573796
-1923.0 -0.627688
-1922.0 -0.683594
-1921.0 -0.741138
-1920.0 -0.799589
-1919.0 -0.858342
-1918.0 -0.916722
-1917.0 -0.973253
-1916.0 -1.02627
-1915.0 -1.07462
-1914.0 -1.1175
-1913.0 -1.15417
-1912.0 -1.1843
-1911.0 -1.20783
-1910.0 -1.22546
-1909.0 -1.23793
-1908.0 -1.246
-1907.0 -1.25017
-1906.0 -1.25073
-1905.0 -1.24776
-1904.0 -1.241
-1903.0 -1.22993
-1902.0 -1.21391
-1901.0 -1.19217
-1900.0 -1.1641
-1899.0 -1.12945
-1898.0 -1.08813
-1897.0 -1.04067
-1896.0 -0.988364
-1895.0 -0.932641
-1894.0 -0.874694
-1893.0 -0.815523
-1892.0 -0.75625
-1891.0 -0.697942
-1890.0 -0.641267
-1889.0 -0.586474
-1888.0 -0.533731
-1887.0 -0.483176
-1886.0 -0.434801
-1885.0 -0.38854
-1884.0 -0.344143
-1883.0 -0.301468
-1882.0 -0.260323
-1881.0 -0.220545
-1880.0 -0.181921
-1879.0 -0.144241
-1878.0 -0.107197
-1877.0 -0.0705518
-1876.0 -0.034239
-1875.0 0.00183794
-1874.0 0.0380434
-1873.0 0.0747151
-1872.0 0.111848
-1871.0 0.149552
-1870.0 0.188165
-1869.0 0.227773
-1868.0 0.268501
-1867.0 0.310502
-1866.0 0.353866
-1865.0 0.398844
-1864.0 0.44552
-1863.0 0.493991
-1862.0 0.544303
-1861.0 0.596561
-1860.0 0.650597
-1859.0 0.706154
-1858.0 0.762921
-1857.0 0.820009
-1856.0 0.876438
-1855.0 0.931252
-1854.0 0.98339
-1853.0 1.03178
-1852.0 1.07489
-1851.0 1.11201
-1850.0 1.14296
-1849.0 1.1678
-1848.0 1.18684
-1847.0 1.20072
-1846.0 1.21015
-1845.0 1.21571
-1844.0 1.21787
-1843.0 1.21682
-1842.0 1.21241
-1841.0 1.20436
-1840.0 1.1922
-1839.0 1.17526
-1838.0 1.15275
-1837.0 1.12402
-1836.0 1.08902
-1835.0 1.04833
-1834.0 1.00264
-1833.0 0.952439
-1832.0 0.898947
-1831.0 0.843684
-1830.0 0.787798
-1829.0 0.732199
-1828.0 0.677662
-1827.0 0.624414
-1826.0 0.572849
-1825.0 0.523206
-1824.0 0.475609
-1823.0 0.429955
-1822.0 0.386065
-1821.0 0.343758
-1820.0 0.302892
-1819.0 0.263315
-1818.0 0.224876
-1817.0 0.18755
-1816.0 0.151301
-1815.0 0.115901
-1814.0 0.0809667
-1813.0 0.0462694
-1812.0 0.0118858
-1811.0 -0.0222295
-1810.0 -0.0563788
-1809.0 -0.0909171
-1808.0 -0.126143
-1807.0 -0.162063
-1806.0 -0.198772
-1805.0 -0.236417
-1804.0 -0.275354
-1803.0 -0.315965
-1802.0 -0.358301
-1801.0 -0.402275
-1800.0 -0.448073
-1799.0 -0.495871
-1798.0 -0.545775
-1797.0 -0.597437
-1796.0 -0.650455
-1795.0 -0.704291
-1794.0 -0.758476
-1793.0 -0.812146
-1792.0 -0.864014
-1791.0 -0.912955
-1790.0 -0.957817
-1789.0 -0.99751
-1788.0 -1.03136
-1787.0 -1.05915
-1786.0 -1.081
-1785.0 -1.09738
-1784.0 -1.109
-1783.0 -1.11649
-1782.0 -1.12039
-1781.0 -1.12099
-1780.0 -1.11837
-1779.0 -1.1123
-1778.0 -1.10231
-1777.0 -1.08783
-1776.0 -1.06817
-1775.0 -1.04273
-1774.0 -1.0112
-1773.0 -0.973677
-1772.0 -0.930579
-1771.0 -0.882879
-1770.0 -0.831901
-1769.0 -0.778911
-1768.0 -0.724846
-1767.0 -0.670717
-1766.0 -0.617637
-1765.0 -0.566339
-1764.0 -0.517001
-1763.0 -0.469522
-1762.0 -0.424016
-1761.0 -0.380705
-1760.0 -0.339644
-1759.0 -0.300501
-1758.0 -0.262918
-1757.0 -0.226781
-1756.0 -0.191919
-1755.0 -0.158106
-1754.0 -0.125141
-1753.0 -0.0930087
-1752.0 -0.061533
-1751.0 -0.0302366
-1750.0 0.00110289
-1749.0 0.0323548
-1748.0 0.0636735
-1747.0 0.0953053
-1746.0 0.12763
-1745.0 0.160773
-1744.0 0.194837
-1743.0 0.229927
-1742.0 0.266212
-1741.0 0.304022
-1740.0 0.343689
-1739.0 0.385401
-1738.0 0.42911
-1737.0 0.474762
-1736.0 0.52248
-1735.0 0.572329
-1734.0 0.62423
-1733.0 0.677723
-1732.0 0.731852
-1731.0 0.785834
-1730.0 0.838831
-1729.0 0.88975
-1728.0 0.937281
-1727.0 0.980049
-1726.0 1.01709
-1725.0 1.04808
-1724.0 1.07304
-1723.0 1.09231
-1722.0 1.10641
-1721.0 1.11603
-1720.0 1.12181
-1719.0 1.12419
-1718.0 1.12332
-1717.0 1.11912
-1716.0 1.11129
-1715.0 1.09931
-1714.0 1.08249
-1713.0 1.06009
-1712.0 1.03165
-1711.0 0.997091
-1710.0 0.956801
-1709.0 0.911538
-1708.0 0.862003
-1707.0 0.809495
-1706.0 0.755558
-1705.0 0.701155
-1704.0 0.647036
-1703.0 0.59381
-1702.0 0.542292
-1701.0 0.492753
-1700.0 0.445133
-1699.0 0.399359
-1698.0 0.355517
-1697.0 0.313562
-1696.0 0.273306
-1695.0 0.234664
-1694.0 0.197341
-1693.0 0.161127
-1692.0 0.125879
-1691.0 0.0913433
-1690.0 0.0574038
-1689.0 0.023879
-1688.0 -0.00948745
-1687.0 -0.0428513
-1686.0 -0.076325
-1685.0 -0.110178
-1684.0 -0.14471
-1683.0 -0.17998
-1682.0 -0.216106
-1681.0 -0.253336
-1680.0 -0.291911
-1679.0 -0.332087
-1678.0 -0.373957
-1677.0 -0.417613
-1676.0 -0.463289
-1675.0 -0.511263
-1674.0 -0.561615
-1673.0 -0.614046
-1672.0 -0.668304
-1671.0 -0.724108
-1670.0 -0.781279
-1669.0 -0.839106
-1668.0 -0.896596
-1667.0 -0.952153
-1666.0 -1.00443
-1665.0 -1.05248
-1664.0 -1.09534
-1663.0 -1.13209
-1662.0 -1.16219
-1661.0 -1.18577
-1660.0 -1.20347
-1659.0 -1.21611
-1658.0 -1.22435
-1657.0 -1.22868
-1656.0 -1.2294
-1655.0 -1.22662
-1654.0 -1.22014
-1653.0 -1.20943
-1652.0 -1.19376
-1651.0 -1.17248
-1650.0 -1.14509
-1649.0 -1.11122
-1648.0 -1.07064
-1647.0 -1.02391
-1646.0 -0.972243
-1645.0 -0.917095
-1644.0 -0.859719
-1643.0 -0.801173
-1642.0 -0.742313
-1641.0 -0.684176
-1640.0 -0.627565
-1639.0 -0.573066
-1638.0 -0.520816
-1637.0 -0.470566
-1636.0 -0.422266
-1635.0 -0.376108
-1634.0 -0.332028
-1633.0 -0.289748
-1632.0 -0.249116
-1631.0 -0.209894
-1630.0 -0.171867
-1629.0 -0.134784
-1628.0 -0.09839
-1627.0 -0.0625862
-1626.0 -0.0272649
-1625.0 0.00784132
-1624.0 0.0429855
-1623.0 0.0784346
-1622.0 0.114261
-1621.0 0.150597
-1620.0 0.187688
-1619.0 0.225872
-1618.0 0.265316
-1617.0 0.306052
-1616.0 0.348275
-1615.0 0.392215
-1614.0 0.438183
-1613.0 0.486527
-1612.0 0.537055
-1611.0 0.589514
-1610.0 0.643836
-1609.0 0.700104
-1608.0 0.758204
-1607.0 0.817128
-1606.0 0.875648
-1605.0 0.932795
-1604.0 0.987632
-1603.0 1.03894
-1602.0 1.08513
-1601.0 1.12514
-1600.0 1.1585
-1599.0 1.1853
-1598.0 1.20594
-1597.0 1.22111
-1596.0 1.23143
-1595.0 1.23756
-1594.0 1.23999
-1593.0 1.23896
-1592.0 1.23429
-1591.0 1.22565
-1590.0 1.21255
-1589.0 1.19425
-1588.0 1.16995
-1587.0 1.13906
-1586.0 1.10143
-1585.0 1.05748
-1584.0 1.0082
-1583.0 0.954692
-1582.0 0.898067
-1581.0 0.839596
-1580.0 0.780503
-1579.0 0.72207
-1578.0 0.665011
-1577.0 0.609621
-1576.0 0.556093
-1575.0 0.504748
-1574.0 0.455686
-1573.0 0.408837
-1572.0 0.364009
-1571.0 0.321059
-1570.0 0.279825
-1569.0 0.240032
-1568.0 0.201499
-1567.0 0.164128
-1566.0 0.127763
-1565.0 0.0920334
-1564.0 0.0566606
-1563.0 0.0215365
-1562.0 -0.0134765
-1561.0 -0.0485637
-1560.0 -0.0838263
-1559.0 -0.119563
-1558.0 -0.156196
-1557.0 -0.193833
-1556.0 -0.232472
-1555.0 -0.272258
-1554.0 -0.313599
-1553.0 -0.356919
-1552.0 -0.402176
-1551.0 -0.449306
-1550.0 -0.498395
-1549.0 -0.549739
-1548.0 -0.603608
-1547.0 -0.659556
-1546.0 -0.717019
-1545.0 -0.775334
-1544.0 -0.833924
-1543.0 -0.892163
-1542.0 -0.949003
-1541.0 -1.00267
-1540.0 -1.05145
-1539.0 -1.09435
-1538.0 -1.13109
-1537.0 -1.16161
-1536.0 -1.18559
-1535.0 -1.20336
-1534.0 -1.21595
-1533.0 -1.22418
-1532.0 -1.22852
-1531.0 -1.22925
-1530.0 -1.22646
-1529.0 -1.22
-1528.0 -1.20932
-1527.0 -1.1937
-1526.0 -1.17246
-1525.0 -1.14509
-1524.0 -1.1114
-1523.0 -1.07119
-1522.0 -1.0249
-1521.0 -0.973629
-1520.0 -0.919135
-1519.0 -0.862626
-1518.0 -0.804877
-1517.0 -0.746816
-1516.0 -0.689965
-1515.0 -0.634994
-1514.0 -0.581807
-1513.0 -0.530396
-1512.0 -0.481209
-1511.0 -0.434548
-1510.0 -0.390064
-1509.0 -0.347371
-1508.0 -0.306366
-1507.0 -0.267004
-1506.0 -0.229115
-1505.0 -0.19253
-1504.0 -0.156977
-1503.0 -0.122081
-1502.0 -0.0878421
-1501.0 -0.0542225
-1500.0 -0.0208815
-1499.0 0.0124914
-1498.0 0.0461601
-1497.0 0.0801215
-1496.0 0.114205
-1495.0 0.148847
-1494.0 0.184625
-1493.0 0.22173
-1492.0 0.259746
-1491.0 0.299048
-1490.0 0.339884
-1489.0 0.382659
-1488.0 0.427394
-1487.0 0.473964
-1486.0 0.522457
-1485.0 0.572836
-1484.0 0.624864
-1483.0 0.678162
-1482.0 0.732109
-1481.0 0.785924
-1480.0 0.838653
-1479.0 0.889081
-1478.0 0.936003
-1477.0 0.978327
-1476.0 1.0151
-1475.0 1.04593
-1474.0 1.07074
-1473.0 1.08979
-1472.0 1.10374
-1471.0 1.11324
-1470.0 1.11891
-1469.0 1.12116
-1468.0 1.12017
-1467.0 1.11588
-1466.0 1.10795
-1465.0 1.09586
-1464.0 1.07898
-1463.0 1.0566
-1462.0 1.0282
-1461.0 0.993576
-1460.0 0.953249
-1459.0 0.908016
-1458.0 0.8587
-1457.0 0.806456
-1456.0 0.752666
-1455.0 0.698476
-1454.0 0.64485
-1453.0 0.592533
-1452.0 0.541832
-1451.0 0.493024
-1450.0 0.446293
-1449.0 0.401815
-1448.0 0.359542
-1447.0 0.319231
-1446.0 0.280355
-1445.0 0.243087
-1444.0 0.207436
-1443.0 0.173129
-1442.0 0.139653
-1441.0 0.106823
-1440.0 0.0746836
-1439.0 0.0431779
-1438.0 0.0118919
-1437.0 -0.0194227
-1436.0 -0.05085
-1435.0 -0.0825155
-1434.0 -0.114571
-1433.0 -0.14725
-1432.0 -0.180838
-1431.0 -0.215436
-1430.0 -0.251176
-1429.0 -0.288377
-1428.0 -0.327266
-1427.0 -0.367971
-1426.0 -0.410629
-1425.0 -0.455315
-1424.0 -0.501986
-1423.0 -0.550888
-1422.0 -0.601994
-1421.0 -0.654657
-1420.0 -0.708455
-1419.0 -0.762708
-1418.0 -0.816555
-1417.0 -0.86877
-1416.0 -0.918002
-1415.0 -0.96312
-1414.0 -1.00312
-1413.0 -1.03727
-1412.0 -1.06531
-1411.0 -1.08733
-1410.0 -1.10385
-1409.0 -1.11559
-1408.0 -1.12319
-1407.0 -1.12715
-1406.0 -1.1278
-1405.0 -1.12518
-1404.0 -1.11909
-1403.0 -1.10904
-1402.0 -1.09447
-1401.0 -1.07476
-1400.0 -1.04932
-1399.0 -1.01772
-1398.0 -0.980013
-1397.0 -0.93681
-1396.0 -0.889259
-1395.0 -0.838393
-1394.0 -0.785427
-1393.0 -0.731261
-1392.0 -0.677013
-1391.0 -0.623624
-1390.0 -0.571637
-1389.0 -0.521329
-1388.0 -0.472921
-1387.0 -0.426401
-1386.0 -0.381782
-1385.0 -0.339116
-1384.0 -0.298279
-1383.0 -0.258899
-1382.0 -0.22088
-1381.0 -0.184148
-1380.0 -0.148457
-1379.0 -0.113522
-1378.0 -0.079111
-1377.0 -0.0452048
-1376.0 -0.0116883
-1375.0 0.0217833
-1374.0 0.0554476
-1373.0 0.0893854
-1372.0 0.123753
-1371.0 0.158712
-1370.0 0.19454
-1369.0 0.23152
-1368.0 0.269813
-1367.0 0.309522
-1366.0 0.3508
-1365.0 0.393752
-1364.0 0.438775
-1363.0 0.486226
-1362.0 0.535923
-1361.0 0.587638
-1360.0 0.641322
-1359.0 0.696892
-1358.0 0.754208
-1357.0 0.812481
-1356.0 0.870708
-1355.0 0.927757
-1354.0 0.982392
-1353.0 1.03341
-1352.0 1.07952
-1351.0 1.11981
-1350.0 1.15361
-1349.0 1.18076
-1348.0 1.20177
-1347.0 1.21717
-1346.0 1.22772
-1345.0 1.23408
-1344.0 1.23674
-1343.0 1.23587
-1342.0 1.23141
-1341.0 1.22302
-1340.0 1.21016
-1339.0 1.19207
-1338.0 1.16795
-1337.0 1.13736
-1336.0 1.10011
-1335.0 1.05667
-1334.0 1.00763
-1333.0 0.954071
-1332.0 0.897268
-1331.0 0.838732
-1330.0 0.779732
-1329.0 0.721229
-1328.0 0.663814
-1327.0 0.607894
-1326.0 0.554118
-1325.0 0.50277
-1324.0 0.453683
-1323.0 0.406612
-1322.0 0.36148
-1321.0 0.31834
-1320.0 0.276962
-1319.0 0.237057
-1318.0 0.198408
-1317.0 0.160907
-1316.0 0.1243
-1315.0 0.0883816
-1314.0 0.0527988
-1313.0 0.0174312
-1312.0 -0.0178533
-1311.0 -0.0531196
-1310.0 -0.0886083
-1309.0 -0.124663
-1308.0 -0.161657
-1307.0 -0.19964
-1306.0 -0.238581
-1305.0 -0.278627
-1304.0 -0.320254
-1303.0 -0.363918
-1302.0 -0.409675
-1301.0 -0.457404
-1300.0 -0.507085
-1299.0 -0.55902
-1298.0 -0.613524
-1297.0 -0.670301
-1296.0 -0.72867
-1295.0 -0.788064
-1294.0 -0.847756
-1293.0 -0.907028
-1292.0 -0.964683
-1291.0 -1.01927
-1290.0 -1.06929
-1289.0 -1.11359
-1288.0 -1.15134
-1287.0 -1.18243
-1286.0 -1.20701
-1285.0 -1.22552
-1284.0 -1.23869
-1283.0 -1.24727
-1282.0 -1.25186
-1281.0 -1.2528
-1280.0 -1.25016
-1279.0 -1.24374
-1278.0 -1.23307
-1277.0 -1.21744
-1276.0 -1.19607
-1275.0 -1.16835
-1274.0 -1.134
-1273.0 -1.09302
-1272.0 -1.04586
-1271.0 -0.993521
-1270.0 -0.937264
-1269.0 -0.878566
-1268.0 -0.818907
-1267.0 -0.759359
-1266.0 -0.700673
-1265.0 -0.643261
-1264.0 -0.587809
-1263.0 -0.534603
-1262.0 -0.483898
-1261.0 -0.435348
-1260.0 -0.38899
-1259.0 -0.344741
-1258.0 -0.302299
-1257.0 -0.261518
-1256.0 -0.22216
-1255.0 -0.183967
-1254.0 -0.14688
-1253.0 -0.110622
-1252.0 -0.0749479
-1251.0 -0.0397224
-1250.0 -0.00466596
-1249.0 0.0304577
-1248.0 0.0658003
-1247.0 0.101436
-1246.0 0.137631
-1245.0 0.174644
-1244.0 0.212655
-1243.0 0.251955
-1242.0 0.292648
-1241.0 0.334897
-1240.0 0.378963
-1239.0 0.424925
-1238.0 0.473082
-1237.0 0.523498
-1236.0 0.576257
-1235.0 0.630981
-1234.0 0.687413
-1233.0 0.745315
-1232.0 0.804233
-1231.0 0.86322
-1230.0 0.920833
-1229.0 0.975876
-1228.0 1.02735
-1227.0 1.07391
-1226.0 1.11438
-1225.0 1.14836
-1224.0 1.17578
-1223.0 1.1968
-1222.0 1.21214
-1221.0 1.2227
-1220.0 1.22915
-1219.0 1.23188
-1218.0 1.23105
-1217.0 1.22665
-1216.0 1.21844
-1215.0 1.20579
-1214.0 1.18772
-1213.0 1.16362
-1212.0 1.13328
-1211.0 1.09668
-1210.0 1.05401
-1209.0 1.00558
-1208.0 0.952282
-1207.0 0.896056
-1206.0 0.838614
-1205.0 0.781048
-1204.0 0.72364
-1203.0 0.666884
-1202.0 0.611776
-1201.0 0.558995
-1200.0 0.508813
-1199.0 0.460892
-1198.0 0.414603
-1197.0 0.369978
-1196.0 0.327596
-1195.0 0.28751
-1194.0 0.249165
-1193.0 0.211688
-1192.0 0.174894
-1191.0 0.139263
-1190.0 0.104837
-1189.0 0.0712334
-1188.0 0.0377433
-1187.0 0.00398715
-1186.0 -0.0296599
-1185.0 -0.0631434
-1184.0 -0.0968085
-1183.0 -0.131136
-1182.0 -0.166532
-1181.0 -0.202897
-1180.0 -0.239997
-1179.0 -0.278197
-1178.0 -0.318194
-1177.0 -0.360263
-1176.0 -0.404109
-1175.0 -0.449381
-1174.0 -0.496287
-1173.0 -0.545587
-1172.0 -0.597337
-1171.0 -0.650367
-1170.0 -0.703764
-1169.0 -0.757395
-1168.0 -0.810989
-1167.0 -0.863381
-1166.0 -0.912503
-1165.0 -0.957288
-1164.0 -0.997009
-1163.0 -1.03124
-1162.0 -1.05945
-1161.0 -1.08148
-1160.0 -1.09796
-1159.0 -1.10973
-1158.0 -1.11743
-1157.0 -1.1215
-1156.0 -1.12225
-1155.0 -1.11981
-1154.0 -1.11398
-1153.0 -1.10421
-1152.0 -1.08999
-1151.0 -1.0708
-1150.0 -1.04598
-1149.0 -1.01491
-1148.0 -0.977493
-1147.0 -0.934538
-1146.0 -0.887398
-1145.0 -0.837088
-1144.0 -0.78409
-1143.0 -0.729504
-1142.0 -0.67508
-1141.0 -0.622214
-1140.0 -0.571121
-1139.0 -0.521389
-1138.0 -0.473104
-1137.0 -0.427115
-1136.0 -0.383785
-1135.0 -0.342726
-1134.0 -0.303293
-1133.0 -0.26501
-1132.0 -0.228361
-1131.0 -0.193535
-1130.0 -0.159904
-1129.0 -0.126856
-1128.0 -0.0942023
-1127.0 -0.0622262
-1126.0 -0.030991
-1125.0 -2.54142e-05
-1124.0 0.0312122
-1123.0 0.062947
-1122.0 0.0948711
-1121.0 0.126879
-1120.0 0.15964
-1119.0 0.19369
-1118.0 0.229073
-1117.0 0.265478
-1116.0 0.303019
-1115.0 0.342334
-1114.0 0.384021
-1113.0 0.427935
-1112.0 0.473431
-1111.0 0.520777
-1110.0 0.5704
-1109.0 0.622521
-1108.0 0.676067
-1107.0 0.72991
-1106.0 0.78363
-1105.0 0.836745
-1104.0 0.888107
-1103.0 0.935877
-1102.0 0.978509
-1101.0 1.01557
-1100.0 1.04696
-1099.0 1.07232
-1098.0 1.09177
-1097.0 1.10597
-1096.0 1.11568
-1095.0 1.12164
-1094.0 1.12418
-1093.0 1.12342
-1092.0 1.11938
-1091.0 1.11179
-1090.0 1.09999
-1089.0 1.08316
-1088.0 1.06087
-1087.0 1.03288
-1086.0 0.998962
-1085.0 0.958766
-1084.0 0.913156
-1083.0 0.863594
-1082.0 0.811798
-1081.0 0.758414
-1080.0 0.703997
-1079.0 0.64962
-1078.0 0.596582
-1077.0 0.545435
-1076.0 0.496065
-1075.0 0.448287
-1074.0 0.402216
-1073.0 0.358346
-1072.0 0.316702
-1071.0 0.276692
-1070.0 0.237835
-1069.0 0.200057
-1068.0 0.163694
-1067.0 0.128638
-1066.0 0.0941677
-1065.0 0.059884
-1064.0 0.0259007
-1063.0 -0.00767721
-1062.0 -0.0409908
-1061.0 -0.0746337
-1060.0 -0.108887
-1059.0 -0.143864
-1058.0 -0.179314
-1057.0 -0.215506
-1056.0 -0.25295
-1055.0 -0.292109
-1054.0 -0.332891
-1053.0 -0.375137
-1052.0 -0.419068
-1051.0 -0.465232
-1050.0 -0.51397
-1049.0 -0.564963
-1048.0 -0.617941
-1047.0 -0.672797
-1046.0 -0.729436
-1045.0 -0.78773
-1044.0 -0.846582
-1043.0 -0.904573
-1042.0 -0.960861
-1041.0 -1.01433
-1040.0 -1.06358
-1039.0 -1.10721
-1038.0 -1.14452
-1037.0 -1.17519
-1036.0 -1.19942
-1035.0 -1.21771
-1034.0 -1.23067
-1033.0 -1.23909
-1032.0 -1.24357
-1031.0 -1.24445
-1030.0 -1.24178
-1029.0 -1.23536
-1028.0 -1.2247
-1027.0 -1.20912
-1026.0 -1.18793
-1025.0 -1.16046
-1024.0 -1.12641
-1023.0 -1.08558
-1022.0 -1.03832
-1021.0 -0.98611
-1020.0 -0.930672
-1019.0 -0.87287
-1018.0 -0.813264
-1017.0 -0.7533
-1016.0 -0.694657
-1015.0 -0.638014
-1014.0 -0.583178
-1013.0 -0.529831
-1012.0 -0.478457
-1011.0 -0.429826
-1010.0 -0.383788
-1009.0 -0.339753
-1008.0 -0.29679
-1007.0 -0.255299
-1006.0 -0.215658
-1005.0 -0.177627
-1004.0 -0.140583
-1003.0 -0.103723
-1002.0 -0.0672006
-1001.0 -0.0315724
-1000.0 0.00346878
-999.0 0.0386087
-998.0 0.0745121
-997.0 0.111003
-996.0 0.147615
-995.0 0.184664
-994.0 0.222905
-993.0 0.262917
-992.0 0.304574
-991.0 0.347409
-990.0 0.39158
-989.0 0.437848
-988.0 0.486922
-987.0 0.538622
-986.0 0.592234
-985.0 0.647451
-984.0 0.704529
-983.0 0.76378
-982.0 0.824265
-981.0 0.884492
-980.0 0.943154
-979.0 0.999229
-978.0 1.05197
-977.0 1.10002
-976.0 1.14168
-975.0 1.1763
-974.0 1.2041
-973.0 1.22574
-972.0 1.24174
-971.0 1.25264
-970.0 1.25917
-969.0 1.26191
-968.0 1.26109
-967.0 1.25659
-966.0 1.24804
-965.0 1.23502
-964.0 1.21677
-963.0 1.19229
-962.0 1.16101
-961.0 1.12299
-960.0 1.07879
-959.0 1.029
-958.0 0.974187
-957.0 0.915885
-956.0 0.856132
-955.0 0.79626
-954.0 0.73682
-953.0 0.678201
-952.0 0.621091
-951.0 0.566173
-950.0 0.514098
-949.0 0.464476
-948.0 0.416863
-947.0 0.370889
-946.0 0.32694
-945.0 0.285307
-944.0 0.245551
-943.0 0.2068
-942.0 0.168669
-941.0 0.131509
-940.0 0.0954941
-939.0 0.0603556
-938.0 0.0252967
-937.0 -0.0101316
-936.0 -0.0457217
-935.0 -0.081133
-934.0 -0.11677
-933.0 -0.153159
-932.0 -0.190823
-931.0 -0.229782
-930.0 -0.269675
-929.0 -0.310769
-928.0 -0.353493
-927.0 -0.398612
-926.0 -0.445992
-925.0 -0.495043
-924.0 -0.545863
-923.0 -0.599076
-922.0 -0.654903
-921.0 -0.712527
-920.0 -0.770741
-919.0 -0.828931
-918.0 -0.886645
-917.0 -0.943187
-916.0 -0.996819
-915.0 -1.04561
-914.0 -1.08864
-913.0 -1.12556
-912.0 -1.15626
-911.0 -1.18034
-910.0 -1.19835
-909.0 -1.21114
-908.0 -1.21954
-907.0 -1.22408
-906.0 -1.22503
-905.0 -1.22252
-904.0 -1.21639
-903.0 -1.20612
-902.0 -1.19097
-901.0 -1.1704
-900.0 -1.14379
-899.0 -1.11064
-898.0 -1.07088
-897.0 -1.02509
-896.0 -0.9746
-895.0 -0.920453
-894.0 -0.863745
-893.0 -0.805794
-892.0 -0.747801
-891.0 -0.690923
-890.0 -0.635729
-889.0 -0.582091
-888.0 -0.530331
-887.0 -0.481065
-886.0 -0.434237
-885.0 -0.38946
-884.0 -0.346456
-883.0 -0.305236
-882.0 -0.265951
-881.0 -0.228376
-880.0 -0.191768
-879.0 -0.155866
-878.0 -0.120951
-877.0 -0.0870657
-876.0 -0.0537335
-875.0 -0.0204038
-874.0 0.0130495
-873.0 0.0464106
-872.0 0.0797408
-871.0 0.113442
-870.0 0.148262
-869.0 0.184041
-868.0 0.22055
-867.0 0.257949
-866.0 0.296731
-865.0 0.337427
-864.0 0.380128
-863.0 0.424506
-862.0 0.470366
-861.0 0.518089
-860.0 0.568104
-859.0 0.620125
-858.0 0.673218
-857.0 0.726666
-856.0 0.779926
-855.0 0.832671
-854.0 0.883301
-853.0 0.930271
-852.0 0.972632
-851.0 1.00956
-850.0 1.04075
-849.0 1.06591
-848.0 1.0852
-847.0 1.09929
-846.0 1.10897
-845.0 1.11483
-844.0 1.11725
-843.0 1.11641
-842.0 1.1123
-841.0 1.10458
-840.0 1.09268
-839.0 1.07601
-838.0 1.05395
-837.0 1.026
-836.0 0.991925
-835.0 0.951932
-834.0 0.906846
-833.0 0.857933
-832.0 0.806334
-831.0 0.75298
-830.0 0.698931
-829.0 0.645455
-828.0 0.593455
-827.0 0.543161
-826.0 0.494418
-825.0 0.447724
-824.0 0.403542
-823.0 0.361492
-822.0 0.321278
-821.0 0.282493
-820.0 0.245297
-819.0 0.209889
-818.0 0.175787
-817.0 0.142483
-816.0 0.109735
-815.0 0.0776725
-814.0 0.0463444
-813.0 0.0153499
-812.0 -0.0158137
-811.0 -0.0472289
-810.0 -0.0787275
-809.0 -0.110509
-808.0 -0.142989
-807.0 -0.176423
-806.0 -0.210909
-805.0 -0.246473
-804.0 -0.283336
-803.0 -0.321756
-802.0 -0.362121
-801.0 -0.404475
-800.0 -0.448738
-799.0 -0.495083
-798.0 -0.543552
-797.0 -0.594291
-796.0 -0.646616
-795.0 -0.69985
-794.0 -0.753605
-793.0 -0.807309
-792.0 -0.859651
-791.0 -0.909073
-790.0 -0.954239
-789.0 -0.994496
-788.0 -1.02936
-787.0 -1.05813
-786.0 -1.08067
-785.0 -1.09763
-784.0 -1.10983
-783.0 -1.11785
-782.0 -1.12219
-781.0 -1.12313
-780.0 -1.12081
-779.0 -1.11503
-778.0 -1.10532
-777.0 -1.09105
-776.0 -1.07168
-775.0 -1.04672
-774.0 -1.01568
-773.0 -0.978496
-772.0 -0.93565
-771.0 -0.888574
-770.0 -0.838353
-769.0 -0.785883
-768.0 -0.731991
-767.0 -0.677931
-766.0 -0.625167
-765.0 -0.573829
-764.0 -0.523726
-763.0 -0.475214
-762.0 -0.428798
-761.0 -0.384655
-760.0 -0.342408
-759.0 -0.301551
-758.0 -0.26198
-757.0 -0.224095
-756.0 -0.187729
-755.0 -0.152234
-754.0 -0.117302
-753.0 -0.0828948
-752.0 -0.0491521
-751.0 -0.0158978
-750.0 0.0173619
-749.0 0.0510836
-748.0 0.0850453
-747.0 0.119361
-746.0 0.154031
-745.0 0.189778
-744.0 0.226985
-743.0 0.26543
-742.0 0.304988
-741.0 0.346093
-740.0 0.389278
-739.0 0.434674
-738.0 0.482405
-737.0 0.532234
-736.0 0.58402
-735.0 0.638142
-734.0 0.694559
-733.0 0.752624
-732.0 0.811274
-731.0 0.869629
-730.0 0.927052
-729.0 0.982462
-728.0 1.03437
-727.0 1.08088
-726.0 1.12112
-725.0 1.15492
-724.0 1.18233
-723.0 1.20352
-722.0 1.21897
-721.0 1.22953
-720.0 1.23593
-719.0 1.23864
-718.0 1.23783
-717.0 1.23341
-716.0 1.22511
-715.0 1.2124
-714.0 1.19443
-713.0 1.17042
-712.0 1.13989
-711.0 1.10279
-710.0 1.05938
-709.0 1.01016
-708.0 0.956238
-707.0 0.899055
-706.0 0.840263
-705.0 0.7812
-704.0 0.722278
-703.0 0.664127
-702.0 0.607579
-701.0 0.55332
-700.0 0.501668
-699.0 0.452184
-698.0 0.404527
-697.0 0.358726
-696.0 0.315075
-695.0 0.273703
-694.0 0.233747
-693.0 0.194611
-692.0 0.156315
-691.0 0.119426
-690.0 0.0836054
-689.0 0.0480821
-688.0 0.0122789
-687.0 -0.0235492
-686.0 -0.0589604
-685.0 -0.0942617
-684.0 -0.130254
-683.0 -0.167604
-682.0 -0.205995
-681.0 -0.244856
-680.0 -0.284601
-679.0 -0.326217
-678.0 -0.370365
-677.0 -0.41634
-676.0 -0.463543
-675.0 -0.512483
-674.0 -0.564291
-673.0 -0.619116
-672.0 -0.675932
-671.0 -0.733437
-670.0 -0.791461
-669.0 -0.850254
-668.0 -0.909457
-667.0 -0.966924
-666.0 -1.0203
-665.0 -1.0685
-664.0 -1.11135
-663.0 -1.14869
-662.0 -1.17936
-661.0 -1.20299
-660.0 -1.22053
-659.0 -1.23315
-658.0 -1.24153
-657.0 -1.24593
-656.0 -1.24668
-655.0 -1.24404
-654.0 -1.23774
-653.0 -1.22707
-652.0 -1.21146
-651.0 -1.1906
-650.0 -1.16396
-649.0 -1.13075
-648.0 -1.09021
-647.0 -1.04355
-646.0 -0.992729
-645.0 -0.938715
-644.0 -0.881755
-643.0 -0.822416
-642.0 -0.762957
-641.0 -0.70524
-640.0 -0.649507
-639.0 -0.594803
-638.0 -0.541266
-637.0 -0.490025
-636.0 -0.441673
-635.0 -0.395729
-634.0 -0.351164
-633.0 -0.307659
-632.0 -0.265926
-631.0 -0.226053
-630.0 -0.187432
-629.0 -0.149562
-628.0 -0.112057
-627.0 -0.075391
-626.0 -0.0396412
-625.0 -0.00408823
-624.0 0.0317357
-623.0 0.0679573
-622.0 0.104342
-621.0 0.140875
-620.0 0.177963
-619.0 0.21643
-618.0 0.256396
-617.0 0.297439
-616.0 0.339648
-615.0 0.383489
-614.0 0.429669
-613.0 0.478183
-612.0 0.528482
-611.0 0.580397
-610.0 0.63456
-609.0 0.691003
-608.0 0.748913
-607.0 0.807234
-606.0 0.864896
-605.0 0.921428
-604.0 0.976036
-603.0 1.0269
-602.0 1.0725
-601.0 1.11192
-600.0 1.14498
-599.0 1.17172
-598.0 1.19233
-597.0 1.20731
-596.0 1.21749
-595.0 1.22359
-594.0 1.22601
-593.0 1.22492
-592.0 1.22023
-591.0 1.21164
-590.0 1.19855
-589.0 1.18023
-588.0 1.156
-587.0 1.12537
-586.0 1.08814
-585.0 1.04481
-584.0 0.996165
-583.0 0.943294
-582.0 0.887484
-581.0 0.829981
-580.0 0.772132
-579.0 0.714855
-578.0 0.658653
-577.0 0.604104
-576.0 0.55161
-575.0 0.50145
-574.0 0.453539
-573.0 0.407664
-572.0 0.363674
-571.0 0.321714
-570.0 0.281628
-569.0 0.243049
-568.0 0.20562
-567.0 0.169301
-566.0 0.133883
-565.0 0.0992648
-564.0 0.0653812
-563.0 0.0318996
-562.0 -0.0016228
-561.0 -0.035231
-560.0 -0.0689103
-559.0 -0.102758
-558.0 -0.137168
-557.0 -0.172538
-556.0 -0.208904
-555.0 -0.246225
-554.0 -0.284618
-553.0 -0.324452
-552.0 -0.366237
-551.0 -0.410006
-550.0 -0.455437
-549.0 -0.502537
-548.0 -0.551444
-547.0 -0.602454
-546.0 -0.655231
-545.0 -0.70877
-544.0 -0.762161
-543.0 -0.814859
-542.0 -0.866274
-541.0 -0.915046
-540.0 -0.959474
-539.0 -0.998471
-538.0 -1.03174
-537.0 -1.05924
-536.0 -1.08101
-535.0 -1.09723
-534.0 -1.10861
-533.0 -1.11597
-532.0 -1.11978
-531.0 -1.12031
-530.0 -1.11758
-529.0 -1.11145
-528.0 -1.10145
-527.0 -1.08691
-526.0 -1.06718
-525.0 -1.04169
-524.0 -1.01025
-523.0 -0.972833
-522.0 -0.929821
-521.0 -0.882198
-520.0 -0.831376
-519.0 -0.778474
-518.0 -0.724642
-517.0 -0.670745
-516.0 -0.617846
-515.0 -0.566474
-514.0 -0.516732
-513.0 -0.4692
-512.0 -0.423901
-511.0 -0.380686
-510.0 -0.339395
-509.0 -0.299971
-508.0 -0.262195
-507.0 -0.225907
-506.0 -0.191029
-505.0 -0.157285
-504.0 -0.124341
-503.0 -0.091925
-502.0 -0.0599622
-501.0 -0.0285566
-500.0 0.00249004
-499.0 0.0335934
-498.0 0.065098
-497.0 0.0972105
-496.0 0.129627
-495.0 0.162553
-494.0 0.196423
-493.0 0.231654
-492.0 0.268262
-491.0 0.306293
-490.0 0.345906
-489.0 0.387242
-488.0 0.430794
-487.0 0.476621
-486.0 0.524612
-485.0 0.574427
-484.0 0.625841
-483.0 0.6789
-482.0 0.732959
-481.0 0.786994
-480.0 0.839797
-479.0 0.890224
-478.0 0.937203
-477.0 0.979671
-476.0 1.0166
-475.0 1.0474
-474.0 1.07217
-473.0 1.0912
-472.0 1.10513
-471.0 1.11464
-470.0 1.12034
-469.0 1.12259
-468.0 1.12159
-467.0 1.11727
-466.0 1.10925
-465.0 1.09695
-464.0 1.07983
-463.0 1.05726
-462.0 1.02863
-461.0 0.993848
-460.0 0.953381
-459.0 0.907859
-458.0 0.85839
-457.0 0.806063
-456.0 0.752288
-455.0 0.698047
-454.0 0.644252
-453.0 0.591577
-452.0 0.54029
-451.0 0.490712
-450.0 0.443246
-449.0 0.397958
-448.0 0.354431
-447.0 0.312471
-446.0 0.272304
-445.0 0.233906
-444.0 0.196707
-443.0 0.160531
-442.0 0.125107
-441.0 0.0905918
-440.0 0.0567722
-439.0 0.0233015
-438.0 -0.0101418
-437.0 -0.0437031
-436.0 -0.0774467
-435.0 -0.111445
-434.0 -0.145882
-433.0 -0.181208
-432.0 -0.217773
-431.0 -0.255488
-430.0 -0.294287
-429.0 -0.334441
-428.0 -0.376479
-427.0 -0.420752
-426.0 -0.4671
-425.0 -0.515285
-424.0 -0.565464
-423.0 -0.618091
-422.0 -0.673004
-421.0 -0.729245
-420.0 -0.78633
-419.0 -0.843864
-418.0 -0.901166
-417.0 -0.956892
-416.0 -1.0093
-415.0 -1.05707
-414.0 -1.0994
-413.0 -1.13569
-412.0 -1.16573
-411.0 -1.18925
-410.0 -1.2068
-409.0 -1.21923
-408.0 -1.22735
-407.0 -1.23158
-406.0 -1.23218
-405.0 -1.2293
-404.0 -1.22271
-403.0 -1.21178
-402.0 -1.19581
-401.0 -1.17437
-400.0 -1.14687
-399.0 -1.11262
-398.0 -1.07142
-397.0 -1.02415
-396.0 -0.972306
-395.0 -0.917011
-394.0 -0.859121
-393.0 -0.799739
-392.0 -0.740283
-391.0 -0.68196
-390.0 -0.625653
-389.0 -0.570903
-388.0 -0.51783
-387.0 -0.467094
-386.0 -0.418919
-385.0 -0.373086
-384.0 -0.328995
-383.0 -0.286439
-382.0 -0.245532
-381.0 -0.206308
-380.0 -0.168291
-379.0 -0.13109
-378.0 -0.0945418
-377.0 -0.0585621
-376.0 -0.0232177
-375.0 0.0118495
-374.0 0.0472445
-373.0 0.0829711
-372.0 0.11898
-371.0 0.155433
-370.0 0.192619
-369.0 0.231101
-368.0 0.270824
-367.0 0.31192
-366.0 0.354421
-365.0 0.398775
-364.0 0.445213
-363.0 0.493892
-362.0 0.544685
-361.0 0.597655
-360.0 0.652944
-359.0 0.710114
-358.0 0.768364
-357.0 0.827464
-356.0 0.886788
-355.0 0.944879
-354.0 1.00021
-353.0 1.05181
-352.0 1.09842
-351.0 1.13888
-350.0 1.17258
-349.0 1.19957
-348.0 1.22041
-347.0 1.23573
-346.0 1.24615
-345.0 1.25234
-344.0 1.25479
-343.0 1.25372
-342.0 1.24899
-341.0 1.24028
-340.0 1.22702
-339.0 1.20846
-338.0 1.18391
-337.0 1.15267
-336.0 1.11462
-335.0 1.07042
-334.0 1.02101
-333.0 0.966863
-332.0 0.908961
-331.0 0.849707
-330.0 0.790701
-329.0 0.732121
-328.0 0.673778
-327.0 0.617076
-326.0 0.56324
-325.0 0.511986
-324.0 0.462628
-323.0 0.414994
-322.0 0.369468
-321.0 0.326236
-320.0 0.285048
-319.0 0.24525
-318.0 0.206205
-317.0 0.168274
-316.0 0.13164
-315.0 0.0959392
-314.0 0.0605182
-313.0 0.0249417
-312.0 -0.01064
-311.0 -0.0457948
-310.0 -0.0810425
-309.0 -0.117046
-308.0 -0.154444
-307.0 -0.192644
-306.0 -0.231364
-305.0 -0.271202
-304.0 -0.312994
-303.0 -0.357159
-302.0 -0.403085
-301.0 -0.450536
-300.0 -0.499982
-299.0 -0.552022
-298.0 -0.606808
-297.0 -0.663595
-296.0 -0.721321
-295.0 -0.779714
-294.0 -0.839116
-293.0 -0.898589
-292.0 -0.955691
-291.0 -1.00876
-290.0 -1.05747
-289.0 -1.1012
-288.0 -1.13871
-287.0 -1.16897
-286.0 -1.19255
-285.0 -1.21035
-284.0 -1.22316
-283.0 -1.23147
-282.0 -1.23577
-281.0 -1.23648
-280.0 -1.23372
-279.0 -1.2272
-278.0 -1.21637
-277.0 -1.2007
-276.0 -1.17966
-275.0 -1.15255
-274.0 -1.11853
-273.0 -1.07762
-272.0 -1.03109
-271.0 -0.980392
-270.0 -0.926022
-269.0 -0.86839
-268.0 -0.809479
-267.0 -0.751492
-266.0 -0.695074
-265.0 -0.639637
-264.0 -0.58531
-263.0 -0.533221
-262.0 -0.484095
-261.0 -0.437434
-260.0 -0.392806
-259.0 -0.349611
-258.0 -0.308139
-257.0 -0.268696
-256.0 -0.23121
-255.0 -0.194755
-254.0 -0.15866
-253.0 -0.123495
-252.0 -0.089415
-251.0 -0.0561786
-250.0 -0.0228242
-249.0 0.0109872
-248.0 0.0446423
-247.0 0.0781116
-246.0 0.111936
-245.0 0.146757
-244.0 0.182838
-243.0 0.219725
-242.0 0.25734
-241.0 0.296474
-240.0 0.337723
-239.0 0.380845
-238.0 0.425473
-237.0 0.471909
-236.0 0.520328
-235.0 0.570974
-234.0 0.623525
-233.0 0.676979
-232.0 0.730646
-231.0 0.784367
-230.0 0.83758
-229.0 0.888462
-228.0 0.935255
-227.0 0.977149
-226.0 1.01381
-225.0 1.04477
-224.0 1.06953
-223.0 1.08837
-222.0 1.10212
-221.0 1.11153
-220.0 1.11715
-219.0 1.1193
-218.0 1.1182
-217.0 1.11384
-216.0 1.10582
-215.0 1.09353
-214.0 1.07642
-213.0 1.05398
-212.0 1.02571
-211.0 0.991213
-210.0 0.950582
-209.0 0.905081
-208.0 0.856057
-207.0 0.804502
-206.0 0.751129
-205.0 0.696864
-204.0 0.643241
-203.0 0.59139
-202.0 0.541407
-201.0 0.492982
-200.0 0.446366
-199.0 0.401971
-198.0 0.359932
-197.0 0.319963
-196.0 0.281563
-195.0 0.244496
-194.0 0.208848
-193.0 0.174609
-192.0 0.141462
-191.0 0.108944
-190.0 0.076742
-189.0 0.0449915
-188.0 0.013855
-187.0 -0.0171152
-186.0 -0.0484376
-185.0 -0.0802624
-184.0 -0.112547
-183.0 -0.145165
-182.0 -0.178489
-181.0 -0.213111
-180.0 -0.249078
-179.0 -0.286365
-178.0 -0.325174
-177.0 -0.365613
-176.0 -0.408243
-175.0 -0.453157
-174.0 -0.500117
-173.0 -0.548941
-172.0 -0.599695
-171.0 -0.652051
-170.0 -0.705845
-169.0 -0.759999
-168.0 -0.813414
-167.0 -0.865184
-166.0 -0.913975
-165.0 -0.958657
-164.0 -0.998156
-163.0 -1.03182
-162.0 -1.0594
-161.0 -1.0811
-160.0 -1.09736
-159.0 -1.10888
-158.0 -1.11633
-157.0 -1.12024
-156.0 -1.12086
-155.0 -1.11826
-154.0 -1.11226
-153.0 -1.10237
-152.0 -1.08795
-151.0 -1.06839
-150.0 -1.04323
-149.0 -1.01205
-148.0 -0.974837
-147.0 -0.93194
-146.0 -0.884578
-145.0 -0.834161
-144.0 -0.781719
-143.0 -0.727937
-142.0 -0.673697
-141.0 -0.620284
-140.0 -0.56864
-139.0 -0.518774
-138.0 -0.470375
-137.0 -0.423774
-136.0 -0.379399
-135.0 -0.337118
-134.0 -0.29654
-133.0 -0.257284
-132.0 -0.219296
-131.0 -0.182741
-130.0 -0.147279
-129.0 -0.112661
-128.0 -0.0785982
-127.0 -0.0448195
-126.0 -0.0113536
-125.0 0.0219224
-124.0 0.0551922
-123.0 0.0889199
-122.0 0.123279
-121.0 0.158273
-120.0 0.193798
-119.0 0.23038
-118.0 0.26866
-117.0 0.30859
-116.0 0.34974
-115.0 0.392291
-114.0 0.437061
-113.0 0.484594
-112.0 0.534458
-111.0 0.585849
-110.0 0.638938
-109.0 0.694285
-108.0 0.751661
-107.0 0.809799
-106.0 0.8672
-105.0 0.92318
-104.0 0.977102
-103.0 1.02773
-102.0 1.0734
-101.0 1.1127
-100.0 1.14542
-99.0 1.17183
-98.0 1.19241
-97.0 1.20745
-96.0 1.21754
-95.0 1.2235
-94.0 1.22583
-93.0 1.22464
-92.0 1.21977
-91.0 1.21101
-90.0 1.19785
-89.0 1.1794
-88.0 1.15469
-87.0 1.12354
-86.0 1.08628
-85.0 1.04306
-84.0 0.994222
-83.0 0.94052
-82.0 0.884026
-81.0 0.826597
-80.0 0.768897
-79.0 0.711164
-78.0 0.65393
-77.0 0.598367
-76.0 0.545522
-75.0 0.494981
-74.0 0.446114
-73.0 0.398797
-72.0 0.353525
-71.0 0.310733
-70.0 0.269729
-69.0 0.229665
-68.0 0.190255
-67.0 0.151994
-66.0 0.115052
-65.0 0.0789347
-64.0 0.0429829
-63.0 0.00671864
-62.0 -0.0297171
-61.0 -0.0659753
-60.0 -0.102221
-59.0 -0.13918
-58.0 -0.177384
-57.0 -0.216612
-56.0 -0.256542
-55.0 -0.297339
-54.0 -0.339571
-53.0 -0.384021
-52.0 -0.430175
-51.0 -0.477783
-50.0 -0.526914
-49.0 -0.578093
-48.0 -0.631963
-47.0 -0.687981
-46.0 -0.744755
-45.0 -0.801737
-44.0 -0.858931
-43.0 -0.915995
-42.0 -0.971004
-41.0 -1.02187
-40.0 -1.06768
-39.0 -1.10834
-38.0 -1.14332
-37.0 -1.17176
-36.0 -1.19378
-35.0 -1.21022
-34.0 -1.22198
-33.0 -1.2296
-32.0 -1.23346
-31.0 -1.23392
-30.0 -1.23108
-29.0 -1.22462
-28.0 -1.21401
-27.0 -1.19869
-26.0 -1.17804
-25.0 -1.1514
-24.0 -1.11808
-23.0 -1.07798
-22.0 -1.03216
-21.0 -0.981988
-20.0 -0.928277
-19.0 -0.871554
-18.0 -0.813198
-17.0 -0.755096
-16.0 -0.698394
-15.0 -0.643133
-14.0 -0.589083
-13.0 -0.536636
-12.0 -0.486586
-11.0 -0.439118
-10.0 -0.39369
-9.0 -0.349791
-8.0 -0.307364
-7.0 -0.266744
-6.0 -0.227815
-5.0 -0.190209
-4.0 -0.153164
-3.0 -0.116666
-2.0 -0.0808939
-1.0 -0.0460271
0.0 -0.0115585
1.0 0.023425
2.0 0.0589152
3.0 0.0944036
4.0 0.12998
5.0 0.166308
6.0 0.204132
7.0 0.243247
8.0 0.283206
9.0 0.324329
10.0 0.36742
11.0 0.412954
12.0 0.460636
13.0 0.509897
14.0 0.560897
15.0 0.614462
16.0 0.670633
17.0 0.728311
18.0 0.786326
19.0 0.844229
20.0 0.902168
21.0 0.958875
22.0 1.01195
23.0 1.05995
24.0 1.10225
25.0 1.13884
26.0 1.16908
27.0 1.19244
28.0 1.20984
29.0 1.22229
30.0 1.23038
31.0 1.23451
32.0 1.23505
33.0 1.23208
34.0 1.2253
35.0 1.21423
36.0 1.19828
37.0 1.17671
38.0 1.14876
39.0 1.11434
40.0 1.07355
41.0 1.02682
42.0 0.975226
43.0 0.920277
44.0 0.863375
45.0 0.805116
46.0 0.746732
47.0 0.689856
48.0 0.634599
49.0 0.581003
50.0 0.529385
51.0 0.48022
52.0 0.433495
53.0 0.388706
54.0 0.345756
55.0 0.304573
56.0 0.265374
57.0 0.22763
58.0 0.190863
59.0 0.155012
60.0 0.120119
61.0 0.0860449
62.0 0.0524027
63.0 0.0187903
64.0 -0.0148391
65.0 -0.0483521
66.0 -0.0819906
67.0 -0.116232
68.0 -0.151367
69.0 -0.187448
70.0 -0.224294
71.0 -0.262161
72.0 -0.301848
73.0 -0.343383
74.0 -0.386505
75.0 -0.431303
76.0 -0.477915
77.0 -0.527011
78.0 -0.578135
79.0 -0.630444
80.0 -0.683904
81.0 -0.7382
82.0 -0.792377
83.0 -0.845263
84.0 -0.895526
85.0 -0.94201
86.0 -0.983873
87.0 -1.02023
88.0 -1.05042
89.0 -1.07448
90.0 -1.09291
91.0 -1.10634
92.0 -1.11544
93.0 -1.12075
94.0 -1.1227
95.0 -1.12145
96.0 -1.11691
97.0 -1.10871
98.0 -1.09635
99.0 -1.07919
100.0 -1.05652
101.0 -1.02775
102.0 -0.992925
103.0 -0.952305
104.0 -0.906508
105.0 -0.856968
106.0 -0.804833
107.0 -0.751134
108.0 -0.696587
109.0 -0.642648
110.0 -0.590541
111.0 -0.540354
112.0 -0.49169
113.0 -0.444725
114.0 -0.400261
115.0 -0.358402
116.0 -0.318259
117.0 -0.279423
118.0 -0.242254
119.0 -0.206846
120.0 -0.172665
121.0 -0.139161
122.0 -0.106461
123.0 -0.0744131
124.0 -0.0429239
125.0 -0.0116446
126.0 0.0196
127.0 0.0510098
128.0 0.0827886
129.0 0.114861
130.0 0.147485
131.0 0.181002
132.0 0.215759
133.0 0.251684
134.0 0.288827
135.0 0.327494
136.0 0.368194
137.0 0.411108
138.0 0.455848
139.0 0.502319
140.0 0.55103
141.0 0.601948
142.0 0.654394
143.0 0.707842
144.0 0.761585
145.0 0.814635
146.0 0.866038
147.0 0.914722
148.0 0.959269
149.0 0.99844
150.0 1.0316
151.0 1.05898
152.0 1.08068
153.0 1.09686
154.0 1.10817
155.0 1.11546
156.0 1.11924
157.0 1.11967
158.0 1.1168
159.0 1.11049
160.0 1.10024
161.0 1.08532
162.0 1.06504
163.0 1.03912
164.0 1.00743
165.0 0.969738
166.0 0.926364
167.0 0.878445
168.0 0.827617
169.0 0.775166
170.0 0.721774
171.0 0.667969
172.0 0.614605
173.0 0.563
174.0 0.513571
175.0 0.465969
176.0 0.41972
177.0 0.37522
178.0 0.332981
179.0 0.292821
180.0 0.254022
181.0 0.216151
182.0 0.179536
183.0 0.14402
184.0 0.109587
185.0 0.0756817
186.0 0.041946
187.0 0.00829417
188.0 -0.0251642
189.0 -0.0584705
190.0 -0.0919217
191.0 -0.126269
192.0 -0.161677
193.0 -0.197688
194.0 -0.234264
195.0 -0.272081
196.0 -0.311926
197.0 -0.353842
198.0 -0.397323
199.0 -0.442168
200.0 -0.489127
201.0 -0.53882
202.0 -0.591302
203.0 -0.645675
204.0 -0.701245
205.0 -0.757926
206.0 -0.815862
207.0 -0.874344
208.0 -0.931366
209.0 -0.985269
210.0 -1.03503
211.0 -1.08013
212.0 -1.11975
213.0 -1.15255
214.0 -1.17849
215.0 -1.19839
216.0 -1.21306
217.0 -1.22308
218.0 -1.22892
219.0 -1.23108
220.0 -1.22981
221.0 -1.22499
222.0 -1.21612
223.0 -1.20266
224.0 -1.18407
225.0 -1.15969
226.0 -1.12865
227.0 -1.0906
228.0 -1.04627
229.0 -0.996923
230.0 -0.943498
231.0 -0.886639
232.0 -0.827608
233.0 -0.768206
234.0 -0.709907
235.0 -0.652863
236.0 -0.59719
237.0 -0.543125
238.0 -0.491399
239.0 -0.442236
240.0 -0.395413
241.0 -0.350295
242.0 -0.30677
243.0 -0.265002
244.0 -0.224863
245.0 -0.186122
246.0 -0.148288
247.0 -0.111067
248.0 -0.0744739
249.0 -0.0385201
250.0 -0.00296519
251.0 0.0328667
252.0 0.0690077
253.0 0.105381
254.0 0.142136
255.0 0.179514
256.0 0.217926
257.0 0.257576
258.0 0.298519
259.0 0.340819
260.0 0.384448
261.0 0.429783
262.0 0.477375
263.0 0.527378
264.0 0.579026
265.0 0.632195
266.0 0.687458
267.0 0.744861
268.0 0.803301
269.0 0.861222
270.0 0.917871
271.0 0.972841
272.0 1.02489
273.0 1.07236
274.0 1.11394
275.0 1.149
276.0 1.17771
277.0 1.20045
278.0 1.21754
279.0 1.22948
280.0 1.23705
281.0 1.24093
282.0 1.24139
283.0 1.23835
284.0 1.23166
285.0 1.22098
286.0 1.20555
287.0 1.18428
288.0 1.1567
289.0 1.12295
290.0 1.08315
291.0 1.03738
292.0 0.986073
293.0 0.930918
294.0 0.873814
295.0 0.81593
296.0 0.757742
297.0 0.699592
298.0 0.642723
299.0 0.588318
300.0 0.536331
301.0 0.486196
302.0 0.43762
303.0 0.390949
304.0 0.346647
305.0 0.304379
306.0 0.263454
307.0 0.223357
308.0 0.184367
309.0 0.146842
310.0 0.110258
311.0 0.0741555
312.0 0.0381669
313.0 0.00252284
314.0 -0.0328825
315.0 -0.0683093
316.0 -0.10426
317.0 -0.140972
318.0 -0.178343
319.0 -0.216472
320.0 -0.255563
321.0 -0.296127
322.0 -0.338632
323.0 -0.382897
324.0 -0.428663
325.0 -0.476392
326.0 -0.526633
327.0 -0.57922
328.0 -0.633621
329.0 -0.689327
330.0 -0.746689
331.0 -0.80516
332.0 -0.863182
333.0 -0.91973
334.0 -0.973919
335.0 -1.02411
336.0 -1.06934
337.0 -1.10854
338.0 -1.14134
339.0 -1.16765
340.0 -1.18785
341.0 -1.20256
342.0 -1.21256
343.0 -1.21849
344.0 -1.22074
345.0 -1.21952
346.0 -1.21474
347.0 -1.20598
348.0 -1.19269
349.0 -1.17423
350.0 -1.14989
351.0 -1.11908
352.0 -1.08171
353.0 -1.0383
354.0 -0.989677
355.0 -0.93701
356.0 -0.881461
357.0 -0.824142
358.0 -0.766334
359.0 -0.709556
360.0 -0.65405
361.0 -0.599913
362.0 -0.547573
363.0 -0.497758
364.0 -0.450433
365.0 -0.404991
366.0 -0.361328
367.0 -0.319621
368.0 -0.279786
369.0 -0.241567
370.0 -0.204515
371.0 -0.168463
372.0 -0.133394
373.0 -0.0991836
374.0 -0.065487
375.0 -0.0320872
376.0 0.00113881
377.0 0.034343
378.0 0.0677548
379.0 0.101622
380.0 0.135986
381.0 0.171164
382.0 0.207327
383.0 0.244516
384.0 0.283037
385.0 0.323111
386.0 0.364922
387.0 0.40855
388.0 0.454096
389.0 0.501571
390.0 0.551052
391.0 0.6021
392.0 0.654643
393.0 0.708402
394.0 0.762258
395.0 0.815237
396.0 0.866663
397.0 0.915254
398.0 0.959605
399.0 0.998716
400.0 1.032
401.0 1.05934
402.0 1.08081
403.0 1.0968
404.0 1.1081
405.0 1.1154
406.0 1.11909
407.0 1.11948
408.0 1.11664
409.0 1.11031
410.0 1.10004
411.0 1.08522
412.0 1.06529
413.0 1.03948
414.0 1.00752
415.0 0.969736
416.0 0.926637
417.0 0.87876
418.0 0.827588
419.0 0.774705
420.0 0.721059
421.0 0.667294
422.0 0.614186
423.0 0.562866
424.0 0.513778
425.0 0.466494
426.0 0.421118
427.0 0.377975
428.0 0.336869
429.0 0.297631
430.0 0.260039
431.0 0.223813
432.0 0.188818
433.0 0.15493
434.0 0.122093
435.0 0.0899314
436.0 0.058219
437.0 0.0266108
438.0 -0.00480562
439.0 -0.0360786
440.0 -0.0674278
441.0 -0.0993166
442.0 -0.132057
443.0 -0.165417
444.0 -0.1995
445.0 -0.234731
446.0 -0.271555
447.0 -0.309979
448.0 -0.34988
449.0 -0.391621
450.0 -0.435531
451.0 -0.48175
452.0 -0.530208
453.0 -0.580456
454.0 -0.632277
455.0 -0.685643
456.0 -0.740103
457.0 -0.794508
458.0 -0.847273
459.0 -0.897618
460.0 -0.944669
461.0 -0.986993
462.0 -1.02339
463.0 -1.05365
464.0 -1.07804
465.0 -1.09671
466.0 -1.11028
467.0 -1.11948
468.0 -1.1249
469.0 -1.12695
470.0 -1.12577
471.0 -1.12126
472.0 -1.11305
473.0 -1.10061
474.0 -1.08342
475.0 -1.0607
476.0 -1.03161
477.0 -0.996389
478.0 -0.955832
479.0 -0.910396
480.0 -0.860609
481.0 -0.807671
482.0 -0.753471
483.0 -0.699408
484.0 -0.645789
485.0 -0.592748
486.0 -0.541111
487.0 -0.491734
488.0 -0.444522
489.0 -0.399306
490.0 -0.355675
491.0 -0.313828
492.0 -0.273904
493.0 -0.23558
494.0 -0.198539
495.0 -0.162298
496.0 -0.126885
497.0 -0.0924619
498.0 -0.0588461
499.0 -0.0253978
500.0 0.00835381
501.0 0.0421281
502.0 0.0758118
503.0 0.109736
504.0 0.144405
505.0 0.180159
506.0 0.216916
507.0 0.254654
508.0 0.293675
509.0 0.334476
510.0 0.377264
511.0 0.421918
512.0 0.468475
513.0 0.517189
514.0 0.568394
515.0 0.622084
516.0 0.677752
517.0 0.734802
518.0 0.79281
519.0 0.851353
520.0 0.909488
521.0 0.965621
522.0 1.01846
523.0 1.06697
524.0 1.10987
525.0 1.14619
526.0 1.17592
527.0 1.19935
528.0 1.21693
529.0 1.22931
530.0 1.23721
531.0 1.24123
532.0 1.24166
533.0 1.23851
534.0 1.23158
535.0 1.22036
536.0 1.20409
537.0 1.18208
538.0 1.15369
539.0 1.11862
540.0 1.07724
541.0 1.02987
542.0 0.97734
543.0 0.92081
544.0 0.862463
545.0 0.803659
546.0 0.744624
547.0 0.685575
548.0 0.62837
549.0 0.573976
550.0 0.521706
551.0 0.470886
552.0 0.422107
553.0 0.375743
554.0 0.331715
555.0 0.289368
556.0 0.248189
557.0 0.208268
558.0 0.169647
559.0 0.132139
560.0 0.0952635
561.0 0.0587673
562.0 0.0224867
563.0 -0.0137356
564.0 -0.049835
565.0 -0.0861599
566.0 -0.123076
567.0 -0.160985
568.0 -0.199586
569.0 -0.238707
570.0 -0.279029
571.0 -0.321247
572.0 -0.365027
573.0 -0.410279
574.0 -0.457074
575.0 -0.505932
576.0 -0.557013
577.0 -0.610386
578.0 -0.665516
579.0 -0.722031
580.0 -0.779699
581.0 -0.838093
582.0 -0.89641
583.0 -0.953093
584.0 -1.00668
585.0 -1.05613
586.0 -1.10058
587.0 -1.13933
588.0 -1.17157
589.0 -1.19727
590.0 -1.21682
591.0 -1.23115
592.0 -1.24094
593.0 -1.2467
594.0 -1.24883
595.0 -1.24755
596.0 -1.24281
597.0 -1.23415
598.0 -1.22094
599.0 -1.20262
600.0 -1.17864
601.0 -1.14836
602.0 -1.1112
603.0 -1.06772
604.0 -1.0193
605.0 -0.966846
606.0 -0.910841
607.0 -0.852693
608.0 -0.79418
609.0 -0.736299
610.0 -0.679575
611.0 -0.6242
612.0 -0.570471
613.0 -0.518945
614.0 -0.469654
615.0 -0.422474
616.0 -0.377072
617.0 -0.333256
618.0 -0.290813
619.0 -0.250091
620.0 -0.210762
621.0 -0.172206
622.0 -0.1343
623.0 -0.0971807
624.0 -0.0607399
625.0 -0.0248579
626.0 0.0111749
627.0 0.0474093
628.0 0.083792
629.0 0.120396
630.0 0.157579
631.0 0.195846
632.0 0.235274
633.0 0.275856
634.0 0.317811
635.0 0.361475
636.0 0.40707
637.0 0.454725
638.0 0.504641
639.0 0.556554
640.0 0.610323
641.0 0.666242
642.0 0.724104
643.0 0.782675
644.0 0.841358
645.0 0.899257
646.0 0.955323
647.0 1.00803
648.0 1.05609
649.0 1.09854
650.0 1.13462
651.0 1.16403
652.0 1.18711
653.0 1.20442
654.0 1.21664
655.0 1.22446
656.0 1.22841
657.0 1.22882
658.0 1.2257
659.0 1.21882
660.0 1.20765
661.0 1.19157
662.0 1.16991
663.0 1.14197
664.0 1.10731
665.0 1.066
666.0 1.01908
667.0 0.967765
668.0 0.912649
669.0 0.854952
670.0 0.796269
671.0 0.738143
672.0 0.681181
673.0 0.625288
674.0 0.571089
675.0 0.519477
676.0 0.470478
677.0 0.423512
678.0 0.378389
679.0 0.335303
680.0 0.294305
681.0 0.255084
682.0 0.217252
683.0 0.180422
684.0 0.144499
685.0 0.109677
686.0 0.0757983
687.0 0.0422259
688.0 0.00853588
689.0 -0.0250912
690.0 -0.0584843
691.0 -0.0919372
692.0 -0.126149
693.0 -0.161389
694.0 -0.197263
695.0 -0.233876
696.0 -0.271626
697.0 -0.311186
698.0 -0.352468
699.0 -0.395182
700.0 -0.439464
701.0 -0.485682
702.0 -0.534024
703.0 -0.58431
704.0 -0.635878
705.0 -0.688338
706.0 -0.741296
707.0 -0.794234
708.0 -0.846063
709.0 -0.895226
710.0 -0.940401
711.0 -0.980848
712.0 -1.01617
713.0 -1.0457
714.0 -1.06907
715.0 -1.0868
716.0 -1.09972
717.0 -1.10847
718.0 -1.11354
719.0 -1.11525
720.0 -1.11381
721.0 -1.10909
722.0 -1.10066
723.0 -1.08796
724.0 -1.07049
725.0 -1.04763
726.0 -1.01886
727.0 -0.983735
728.0 -0.942747
729.0 -0.897116
730.0 -0.848025
731.0 -0.796106
732.0 -0.742364
733.0 -0.688327
734.0 -0.635325
735.0 -0.583753
736.0 -0.533458
737.0 -0.484934
738.0 -0.43888
739.0 -0.395215
740.0 -0.353444
741.0 -0.313314
742.0 -0.27486
743.0 -0.238178
744.0 -0.203031
745.0 -0.168859
746.0 -0.135428
747.0 -0.10285
748.0 -0.071102
749.0 -0.0396678
750.0 -0.00824501
751.0 0.0231539
752.0 0.0545019
753.0 0.0860741
754.0 0.118272
755.0 0.151261
756.0 0.185212
757.0 0.219988
758.0 0.255842
759.0 0.293344
760.0 0.332815
761.0 0.373939
762.0 0.416664
763.0 0.461599
764.0 0.508966
765.0 0.558484
766.0 0.609816
767.0 0.662463
768.0 0.716229
769.0 0.77064
770.0 0.824198
771.0 0.875911
772.0 0.924345
773.0 0.968561
774.0 1.00749
775.0 1.04048
776.0 1.06737
777.0 1.08841
778.0 1.10414
779.0 1.11514
780.0 1.1221
781.0 1.12554
782.0 1.12569
783.0 1.12257
784.0 1.11593
785.0 1.10526
786.0 1.08994
787.0 1.06939
788.0 1.04303
789.0 1.01052
790.0 0.97204
791.0 0.928286
792.0 0.880281
793.0 0.828996
794.0 0.77569
795.0 0.72133
796.0 0.66735
797.0 0.614434
798.0 0.562584
799.0 0.512332
800.0 0.464098
801.0 0.418074
802.0 0.373933
803.0 0.331509
804.0 0.290758
805.0 0.25165
806.0 0.214
807.0 0.177384
808.0 0.141754
809.0 0.106896
810.0 0.072765
811.0 0.0391651
812.0 0.00560498
813.0 -0.02807
814.0 -0.0617304
815.0 -0.0954697
816.0 -0.129845
817.0 -0.165156
818.0 -0.201229
819.0 -0.238225
820.0 -0.276485
821.0 -0.316421
822.0 -0.358112
823.0 -0.401471
824.0 -0.446722
825.0 -0.494141
826.0 -0.543808
827.0 -0.595726
828.0 -0.649818
829.0 -0.705539
830.0 -0.76245
831.0 -0.820324
832.0 -0.878131
833.0 -0.934488
834.0 -0.988226
835.0 -1.03823
836.0 -1.08319
837.0 -1.12209
838.0 -1.15455
839.0 -1.18056
840.0 -1.20043
841.0 -1.2148
842.0 -1.22452
843.0 -1.23016
844.0 -1.2321
845.0 -1.2305
846.0 -1.22528
847.0 -1.216
848.0 -1.2019
849.0 -1.18239
850.0 -1.15709
851.0 -1.12516
852.0 -1.08623
853.0 -1.04106
854.0 -0.991009
855.0 -0.936916
856.0 -0.87963
857.0 -0.820596
858.0 -0.761513
859.0 -0.70315
860.0 -0.6461
861.0 -0.590759
862.0 -0.537304
863.0 -0.486004
864.0 -0.437078
865.0 -0.390347
866.0 -0.345446
867.0 -0.302311
868.0 -0.26089
869.0 -0.221079
870.0 -0.182476
871.0 -0.144787
872.0 -0.107763
873.0 -0.0713781
874.0 -0.0356135
875.0 -0.000131812
876.0 0.0355362
877.0 0.0715915
878.0 0.107855
879.0 0.144535
880.0 0.182068
881.0 0.220636
882.0 0.260287
883.0 0.301338
884.0 0.343848
885.0 0.387916
886.0 0.434004
887.0 0.48232
888.0 0.532705
889.0 0.584896
890.0 0.639067
891.0 0.695554
892.0 0.753711
893.0 0.812546
894.0 0.871307
895.0 0.928969
896.0 0.984726
897.0 1.03726
898.0 1.08483
899.0 1.12661
900.0 1.16175
901.0 1.1904
902.0 1.21287
903.0 1.22965
904.0 1.24128
905.0 1.24858
906.0 1.25215
907.0 1.25219
908.0 1.24865
909.0 1.24134
910.0 1.22975
911.0 1.21299
912.0 1.19027
913.0 1.16115
914.0 1.12555
915.0 1.08337
916.0 1.03492
917.0 0.981524
918.0 0.924762
919.0 0.866176
920.0 0.806636
921.0 0.746898
922.0 0.688316
923.0 0.631389
924.0 0.576887
925.0 0.524524
926.0 0.474007
927.0 0.425722
928.0 0.379872
929.0 0.336195
930.0 0.294043
931.0 0.253217
932.0 0.213954
933.0 0.176096
934.0 0.139142
935.0 0.102561
936.0 0.0666236
937.0 0.0312128
938.0 -0.00396577
939.0 -0.039353
940.0 -0.0750667
941.0 -0.111043
942.0 -0.147539
943.0 -0.184949
944.0 -0.223597
945.0 -0.263423
946.0 -0.30437
947.0 -0.347001
948.0 -0.391705
949.0 -0.438266
950.0 -0.486901
951.0 -0.537632
952.0 -0.590669
953.0 -0.645711
954.0 -0.702602
955.0 -0.760693
956.0 -0.81947
957.0 -0.87816
958.0 -0.935476
959.0 -0.990156
960.0 -1.04085
961.0 -1.08628
962.0 -1.1257
963.0 -1.15863
964.0 -1.18495
965.0 -1.20504
966.0 -1.21964
967.0 -1.22953
968.0 -1.23527
969.0 -1.23728
970.0 -1.23573
971.0 -1.23051
972.0 -1.22125
973.0 -1.20731
974.0 -1.18788
975.0 -1.16244
976.0 -1.1307
977.0 -1.09246
978.0 -1.04764
979.0 -0.997606
980.0 -0.944034
981.0 -0.888072
982.0 -0.830131
983.0 -0.771681
984.0 -0.714094
985.0 -0.658318
986.0 -0.604343
987.0 -0.552011
988.0 -0.501727
989.0 -0.453918
990.0 -0.408551
991.0 -0.365212
992.0 -0.323538
993.0 -0.283345
994.0 -0.244735
995.0 -0.207775
996.0 -0.172006
997.0 -0.136846
998.0 -0.102091
999.0 -0.068023
1000.0 -0.0347405
1001.0 -0.00165831
1002.0 0.0319604
1003.0 0.0659686
1004.0 0.0998409
1005.0 0.134045
1006.0 0.169335
1007.0 0.20607
1008.0 0.243829
1009.0 0.282441
1010.0 0.322444
1011.0 0.364577
1012.0 0.408865
1013.0 0.454915
1014.0 0.50258
1015.0 0.552253
1016.0 0.60402
1017.0 0.657242
1018.0 0.711155
1019.0 0.765205
1020.0 0.818543
1021.0 0.870054
1022.0 0.918672
1023.0 0.962951
1024.0 1.00167
1025.0 1.03442
1026.0 1.06137
1027.0 1.08244
1028.0 1.09803
1029.0 1.10892
1030.0 1.11584
1031.0 1.11924
1032.0 1.11937
1033.0 1.11626
1034.0 1.10968
1035.0 1.09911
1036.0 1.08395
1037.0 1.06357
1038.0 1.03738
1039.0 1.00506
1040.0 0.966839
1041.0 0.922957
1042.0 0.874722
1043.0 0.823668
1044.0 0.770748
1045.0 0.716675
1046.0 0.662658
1047.0 0.61006
1048.0 0.559106
1049.0 0.509843
1050.0 0.462509
1051.0 0.417426
1052.0 0.374688
1053.0 0.333898
1054.0 0.294839
1055.0 0.257483
1056.0 0.221605
1057.0 0.18696
1058.0 0.153229
1059.0 0.12055
1060.0 0.0886807
1061.0 0.0571744
1062.0 0.0257549
1063.0 -0.00537404
1064.0 -0.0363013
1065.0 -0.0676186
1066.0 -0.0994892
1067.0 -0.131792
1068.0 -0.164684
1069.0 -0.198622
1070.0 -0.233913
1071.0 -0.270434
1072.0 -0.3083
1073.0 -0.348014
1074.0 -0.38973
1075.0 -0.433318
1076.0 -0.478898
1077.0 -0.526754
1078.0 -0.576836
1079.0 -0.628602
1080.0 -0.681356
1081.0 -0.734771
1082.0 -0.788377
1083.0 -0.840741
1084.0 -0.890459
1085.0 -0.936354
1086.0 -0.977648
1087.0 -1.01332
1088.0 -1.04285
1089.0 -1.06636
1090.0 -1.08443
1091.0 -1.09753
1092.0 -1.10631
1093.0 -1.11141
1094.0 -1.11317
1095.0 -1.11173
1096.0 -1.10697
1097.0 -1.09851
1098.0 -1.08573
1099.0 -1.06806
1100.0 -1.04491
1101.0 -1.01572
1102.0 -0.980512
1103.0 -0.939754
1104.0 -0.894216
1105.0 -0.844829
1106.0 -0.792895
1107.0 -0.739694
1108.0 -0.686248
1109.0 -0.633234
1110.0 -0.581432
1111.0 -0.53141
1112.0 -0.483053
1113.0 -0.436313
1114.0 -0.391828
1115.0 -0.349734
1116.0 -0.309155
1117.0 -0.269702
1118.0 -0.231947
1119.0 -0.195883
1120.0 -0.160754
1121.0 -0.126095
1122.0 -0.0921002
1123.0 -0.0589107
1124.0 -0.0261587
1125.0 0.00667386
1126.0 0.0397425
1127.0 0.0730169
1128.0 0.106662
1129.0 0.140898
1130.0 0.176035
1131.0 0.212303
1132.0 0.249876
1133.0 0.28887
1134.0 0.329423
1135.0 0.371662
1136.0 0.416205
1137.0 0.463332
1138.0 0.512526
1139.0 0.563612
1140.0 0.617038
1141.0 0.673295
1142.0 0.73114
1143.0 0.789602
1144.0 0.848366
1145.0 0.906735
1146.0 0.963325
1147.0 1.0163
1148.0 1.06447
1149.0 1.10715
1150.0 1.1434
1151.0 1.17287
1152.0 1.19592
1153.0 1.21316
1154.0 1.22525
1155.0 1.23285
1156.0 1.23661
1157.0 1.23678
1158.0 1.23332
1159.0 1.22606
1160.0 1.2145
1161.0 1.19775
1162.0 1.17502
1163.0 1.14609
1164.0 1.11069
1165.0 1.06851
1166.0 1.02023
1167.0 0.967453
1168.0 0.911368
1169.0 0.85295
1170.0 0.79345
1171.0 0.73431
1172.0 0.676297
1173.0 0.619719
1174.0 0.565134
1175.0 0.512801
1176.0 0.462729
1177.0 0.414866
1178.0 0.368997
1179.0 0.325187
1180.0 0.283182
1181.0 0.242688
1182.0 0.203638
1183.0 0.165814
1184.0 0.128691
1185.0 0.0924326
1186.0 0.0569418
1187.0 0.0217558
1188.0 -0.013578
1189.0 -0.0488711
1190.0 -0.0840905
1191.0 -0.119792
1192.0 -0.156486
1193.0 -0.193969
1194.0 -0.232034
1195.0 -0.27135
1196.0 -0.312567
1197.0 -0.355471
1198.0 -0.399841
1199.0 -0.445989
1200.0 -0.494607
1201.0 -0.54582
1202.0 -0.598999
1203.0 -0.653838
1204.0 -0.710526
1205.0 -0.769221
1206.0 -0.828369
1207.0 -0.887001
1208.0 -0.944474
1209.0 -0.999661
1210.0 -1.0507
1211.0 -1.09632
1212.0 -1.13608
1213.0 -1.16937
1214.0 -1.1958
1215.0 -1.21605
1216.0 -1.23083
1217.0 -1.24077
1218.0 -1.24651
1219.0 -1.24848
1220.0 -1.24686
1221.0 -1.24146
1222.0 -1.23192
1223.0 -1.21762
1224.0 -1.19781
1225.0 -1.1718
1226.0 -1.13917
1227.0 -1.09984
1228.0 -1.05409
1229.0 -1.00289
1230.0 -0.947843
1231.0 -0.890252
1232.0 -0.830861
1233.0 -0.770688
1234.0 -0.711844
1235.0 -0.654643
1236.0 -0.598816
1237.0 -0.544849
1238.0 -0.493654
1239.0 -0.444778
1240.0 -0.397822
1241.0 -0.352943
1242.0 -0.310111
1243.0 -0.269048
1244.0 -0.22932
1245.0 -0.190905
1246.0 -0.15375
1247.0 -0.117382
1248.0 -0.0815057
1249.0 -0.0461084
1250.0 -0.0112392
1251.0 0.0235658
1252.0 0.0587519
1253.0 0.0942387
1254.0 0.130095
1255.0 0.166652
1256.0 0.204176
1257.0 0.242726
1258.0 0.282649
1259.0 0.324206
1260.0 0.367411
1261.0 0.412265
1262.0 0.459201
1263.0 0.508674
1264.0 0.560373
1265.0 0.613514
1266.0 0.668492
1267.0 0.725618
1268.0 0.784134
1269.0 0.842187
1270.0 0.898945
1271.0 0.954538
1272.0 1.00733
1273.0 1.0551
1274.0 1.09685
1275.0 1.13251
1276.0 1.16194
1277.0 1.18486
1278.0 1.20184
1279.0 1.21382
1280.0 1.22147
1281.0 1.22524
1282.0 1.22542
1283.0 1.22207
1284.0 1.21488
1285.0 1.20342
1286.0 1.18702
1287.0 1.16493
1288.0 1.13644
1289.0 1.1015
1290.0 1.06043
1291.0 1.01369
1292.0 0.962031
1293.0 0.90702
1294.0 0.850313
1295.0 0.792801
1296.0 0.735375
1297.0 0.678855
1298.0 0.62398
1299.0 0.57115
1300.0 0.520241
1301.0 0.471626
1302.0 0.425314
1303.0 0.380844
1304.0 0.338337
1305.0 0.29783
1306.0 0.258857
1307.0 0.22103
1308.0 0.184448
1309.0 0.149153
1310.0 0.114698
1311.0 0.0805974
1312.0 0.0467653
1313.0 0.0134268
1314.0 -0.0196474
1315.0 -0.0530713
1316.0 -0.0870135
1317.0 -0.121265
1318.0 -0.155989
1319.0 -0.191709
1320.0 -0.228756
1321.0 -0.267007
1322.0 -0.306478
1323.0 -0.347651
1324.0 -0.390687
1325.0 -0.435537
1326.0 -0.482431
1327.0 -0.531392
1328.0 -0.582167
1329.0 -0.634436
1330.0 -0.687859
1331.0 -0.742044
1332.0 -0.79597
1333.0 -0.848303
1334.0 -0.898234
1335.0 -0.944793
1336.0 -0.986372
1337.0 -1.02208
1338.0 -1.0519
1339.0 -1.0758
1340.0 -1.094
1341.0 -1.10714
1342.0 -1.11601
1343.0 -1.1212
1344.0 -1.123
1345.0 -1.1216
1346.0 -1.11692
1347.0 -1.10852
1348.0 -1.09589
1349.0 -1.07852
1350.0 -1.05565
1351.0 -1.02657
1352.0 -0.991369
1353.0 -0.9507
1354.0 -0.90513
1355.0 -0.855231
1356.0 -0.802459
1357.0 -0.748717
1358.0 -0.695018
1359.0 -0.641591
1360.0 -0.588923
1361.0 -0.538166
1362.0 -0.489906
1363.0 -0.443665
1364.0 -0.399093
1365.0 -0.356643
1366.0 -0.316468
1367.0 -0.278057
1368.0 -0.241054
1369.0 -0.205332
1370.0 -0.170936
1371.0 -0.137581
1372.0 -0.105
1373.0 -0.0729351
1374.0 -0.0412421
1375.0 -0.0098788
1376.0 0.0213052
1377.0 0.0526603
1378.0 0.0844265
1379.0 0.116658
1380.0 0.149309
1381.0 0.182715
1382.0 0.217455
1383.0 0.253506
1384.0 0.290728
1385.0 0.329377
1386.0 0.369968
1387.0 0.412874
1388.0 0.457587
1389.0 0.504104
1390.0 0.552869
1391.0 0.604065
1392.0 0.656593
1393.0 0.70981
1394.0 0.763552
1395.0 0.816853
1396.0 0.868409
1397.0 0.916851
1398.0 0.961315
1399.0 1.0005
1400.0 1.03366
1401.0 1.06082
1402.0 1.08227
1403.0 1.09833
1404.0 1.10962
1405.0 1.11687
1406.0 1.12059
1407.0 1.12099
1408.0 1.11808
1409.0 1.11168
1410.0 1.1013
1411.0 1.08627
1412.0 1.06598
1413.0 1.0398
1414.0 1.00754
1415.0 0.969485
1416.0 0.926126
1417.0 0.878269
1418.0 0.826993
1419.0 0.773956
1420.0 0.720537
1421.0 0.667122
1422.0 0.613806
1423.0 0.561877
1424.0 0.51236
1425.0 0.464933
1426.0 0.418872
1427.0 0.374539
1428.0 0.332291
1429.0 0.292092
1430.0 0.2534
1431.0 0.215873
1432.0 0.179398
1433.0 0.143942
1434.0 0.109451
1435.0 0.0755461
1436.0 0.0419929
1437.0 0.00858501
1438.0 -0.0247971
1439.0 -0.058208
1440.0 -0.09187
1441.0 -0.126024
1442.0 -0.161182
1443.0 -0.197277
1444.0 -0.233998
1445.0 -0.271918
1446.0 -0.311838
1447.0 -0.353618
1448.0 -0.396686
1449.0 -0.441668
1450.0 -0.489174
1451.0 -0.539081
1452.0 -0.590893
1453.0 -0.644614
1454.0 -0.70046
1455.0 -0.757817
1456.0 -0.815719
1457.0 -0.873441
1458.0 -0.929978
1459.0 -0.983965
1460.0 -1.03407
1461.0 -1.07908
1462.0 -1.11817
1463.0 -1.15084
1464.0 -1.1769
1465.0 -1.19684
1466.0 -1.21144
1467.0 -1.22133
1468.0 -1.2271
1469.0 -1.22918
1470.0 -1.22778
1471.0 -1.22274
1472.0 -1.21366
1473.0 -1.19998
1474.0 -1.18106
1475.0 -1.15628
1476.0 -1.12484
1477.0 -1.0864
1478.0 -1.04208
1479.0 -0.993025
1480.0 -0.93967
1481.0 -0.88264
1482.0 -0.824159
1483.0 -0.766197
1484.0 -0.708875
1485.0 -0.651974
1486.0 -0.596627
1487.0 -0.544008
1488.0 -0.493649
1489.0 -0.445121
1490.0 -0.398418
1491.0 -0.354164
1492.0 -0.311864
1493.0 -0.270814
1494.0 -0.231136
1495.0 -0.192954
1496.0 -0.155913
1497.0 -0.119373
1498.0 -0.0834281
1499.0 -0.0480177
1500.0 -0.0129772
1501.0 0.0221489
1502.0 0.0575453
1503.0 0.0932908
1504.0 0.129569
1505.0 0.166594
1506.0 0.204578
1507.0 0.243793
1508.0 0.284472
1509.0 0.326806
1510.0 0.370803
1511.0 0.416576
1512.0 0.464591
1513.0 0.51522
1514.0 0.5682
1515.0 0.622781
1516.0 0.67926
1517.0 0.738088
1518.0 0.798341
1519.0 0.858194
1520.0 0.91688
1521.0 0.974181
1522.0 1.02859
1523.0 1.0779
1524.0 1.12113
1525.0 1.15811
1526.0 1.18856
1527.0 1.21234
1528.0 1.23005
1529.0 1.24256
1530.0 1.25056
1531.0 1.25458
1532.0 1.25491
1533.0 1.25159
1534.0 1.24436
1535.0 1.23267
1536.0 1.21586
1537.0 1.19327
1538.0 1.16425
1539.0 1.12834
1540.0 1.08571
1541.0 1.03742
1542.0 0.984608
1543.0 0.927899
1544.0 0.868491
1545.0 0.808729
1546.0 0.749831
1547.0 0.691425
1548.0 0.633722
1549.0 0.578426
1550.0 0.526096
1551.0 0.475968
1552.0 0.427409
1553.0 0.380757
1554.0 0.336747
1555.0 0.294864
1556.0 0.254178
1557.0 0.214574
1558.0 0.176314
1559.0 0.139331
1560.0 0.103162
1561.0 0.0673901
1562.0 0.0318543
1563.0 -0.00344063
1564.0 -0.0385848
1565.0 -0.0739314
1566.0 -0.109746
1567.0 -0.146375
1568.0 -0.183797
1569.0 -0.221939
1570.0 -0.261275
1571.0 -0.302269
1572.0 -0.3451
1573.0 -0.38951
1574.0 -0.435576
1575.0 -0.483948
1576.0 -0.534908
1577.0 -0.587975
1578.0 -0.642597
1579.0 -0.699105
1580.0 -0.757424
1581.0 -0.816279
1582.0 -0.87461
1583.0 -0.931577
1584.0 -0.986292
1585.0 -1.03695
1586.0 -1.08202
1587.0 -1.12114
1588.0 -1.15397
1589.0 -1.18016
1590.0 -1.20002
1591.0 -1.21448
1592.0 -1.22437
1593.0 -1.23013
1594.0 -1.23218
1595.0 -1.23078
1596.0 -1.22576
1597.0 -1.21664
1598.0 -1.203
1599.0 -1.18424
1600.0 -1.15948
1601.0 -1.12795
1602.0 -1.08989
1603.0 -1.04608
1604.0 -0.997022
1605.0 -0.943531
1606.0 -0.887024
1607.0 -0.829366
1608.0 -0.77166
1609.0 -0.714318
1610.0 -0.657925
1611.0 -0.60334
1612.0 -0.551182
1613.0 -0.501312
1614.0 -0.453273
1615.0 -0.407256
1616.0 -0.363773
1617.0 -0.322376
1618.0 -0.282079
1619.0 -0.243171
1620.0 -0.206126
1621.0 -0.170315
1622.0 -0.135057
1623.0 -0.100298
1624.0 -0.0663377
1625.0 -0.0331495
1626.0 0.000126163
1627.0 0.033834
1628.0 0.0675396
1629.0 0.101224
1630.0 0.13565
1631.0 0.171338
1632.0 0.207752
1633.0 0.244769
1634.0 0.283294
1635.0 0.324042
1636.0 0.366218
1637.0 0.409414
1638.0 0.454779
1639.0 0.503049
1640.0 0.552998
1641.0 0.603823
1642.0 0.656203
1643.0 0.710228
1644.0 0.764545
1645.0 0.817452
1646.0 0.868415
1647.0 0.916741
1648.0 0.961156
1649.0 0.999854
1650.0 1.03246
1651.0 1.05934
1652.0 1.08047
1653.0 1.09618
1654.0 1.10711
1655.0 1.11409
1656.0 1.11758
1657.0 1.11778
1658.0 1.11477
1659.0 1.10828
1660.0 1.09783
1661.0 1.08288
1662.0 1.06279
1663.0 1.03688
1664.0 1.00483
1665.0 0.966992
1666.0 0.923979
1667.0 0.876471
1668.0 0.825639
1669.0 0.773031
1670.0 0.719754
1671.0 0.666724
1672.0 0.61451
1673.0 0.563757
1674.0 0.514844
1675.0 0.468153
1676.0 0.423479
1677.0 0.380612
1678.0 0.339637
1679.0 0.30048
1680.0 0.263172
1681.0 0.227161
1682.0 0.19204
1683.0 0.15804
1684.0 0.125119
1685.0 0.0928596
1686.0 0.0608913
1687.0 0.0292557
1688.0 -0.00218588
1689.0 -0.0337444
1690.0 -0.0655589
1691.0 -0.0976367
1692.0 -0.130213
1693.0 -0.163706
1694.0 -0.198179
1695.0 -0.233588
1696.0 -0.270151
1697.0 -0.308411
1698.0 -0.348599
1699.0 -0.390332
1700.0 -0.433662
1701.0 -0.479292
1702.0 -0.527444
1703.0 -0.577498
1704.0 -0.628534
1705.0 -0.680817
1706.0 -0.734689
1707.0 -0.788529
1708.0 -0.840398
1709.0 -0.889645
1710.0 -0.935988
1711.0 -0.977732
1712.0 -1.01352
1713.0 -1.04319
1714.0 -1.06702
1715.0 -1.08533
1716.0 -1.09864
1717.0 -1.10763
1718.0 -1.11291
1719.0 -1.11486
1720.0 -1.11361
1721.0 -1.10905
1722.0 -1.10084
1723.0 -1.08838
1724.0 -1.07105
1725.0 -1.0483
1726.0 -1.01958
1727.0 -0.984644
1728.0 -0.944303
1729.0 -0.899218
1730.0 -0.850151
1731.0 -0.798334
1732.0 -0.745265
1733.0 -0.691914
1734.0 -0.638774
1735.0 -0.586893
1736.0 -0.536711
1737.0 -0.488169
1738.0 -0.441395
1739.0 -0.396671
1740.0 -0.353971
1741.0 -0.312871
1742.0 -0.27315
1743.0 -0.235045
1744.0 -0.198437
1745.0 -0.162776
1746.0 -0.127795
1747.0 -0.0934394
1748.0 -0.0597788
1749.0 -0.026518
1750.0 0.00667334
1751.0 0.0400789
1752.0 0.0735811
1753.0 0.107489
1754.0 0.142014
1755.0 0.177323
1756.0 0.213628
1757.0 0.251209
1758.0 0.290062
1759.0 0.3304
1760.0 0.372665
1761.0 0.417142
1762.0 0.463509
1763.0 0.511685
1764.0 0.562289
1765.0 0.61556
1766.0 0.67071
1767.0 0.726872
1768.0 0.784132
1769.0 0.842446
1770.0 0.900061
1771.0 0.955143
1772.0 1.00709
1773.0 1.05509
1774.0 1.09751
1775.0 1.13321
1776.0 1.16231
1777.0 1.18536
1778.0 1.20264
1779.0 1.21471
1780.0 1.22239
1781.0 1.22627
1782.0 1.22658
1783.0 1.22334
1784.0 1.21633
1785.0 1.20504
1786.0 1.18878
1787.0 1.16684
1788.0 1.13869
1789.0 1.1039
1790.0 1.06259
1791.0 1.01555
1792.0 0.963935
1793.0 0.908614
1794.0 0.850936
1795.0 0.792528
1796.0 0.734375
1797.0 0.67696
1798.0 0.62078
1799.0 0.566786
1800.0 0.515018
1801.0 0.46523
1802.0 0.417513
1803.0 0.372016
1804.0 0.328271
1805.0 0.28634
1806.0 0.246019
1807.0 0.207124
1808.0 0.169232
1809.0 0.132153
1810.0 0.0959585
1811.0 0.0604804
1812.0 0.0252028
1813.0 -0.0102389
1814.0 -0.0455827
1815.0 -0.0808128
1816.0 -0.116527
1817.0 -0.153252
1818.0 -0.190816
1819.0 -0.229219
1820.0 -0.268722
1821.0 -0.309679
1822.0 -0.35237
1823.0 -0.396922
1824.0 -0.443554
1825.0 -0.492039
1826.0 -0.542409
1827.0 -0.595127
1828.0 -0.650517
1829.0 -0.707487
1830.0 -0.764975
1831.0 -0.823101
1832.0 -0.881881
1833.0 -0.939588
1834.0 -0.993956
1835.0 -1.04389
1836.0 -1.08909
1837.0 -1.12878
1838.0 -1.16178
1839.0 -1.18786
1840.0 -1.20786
1841.0 -1.2226
1842.0 -1.23261
1843.0 -1.23847
1844.0 -1.24061
1845.0 -1.23924
1846.0 -1.23425
1847.0 -1.22517
1848.0 -1.21136
1849.0 -1.19231
1850.0 -1.16752
1851.0 -1.13608
1852.0 -1.09742
1853.0 -1.05273
1854.0 -1.00323
1855.0 -0.949694
1856.0 -0.892859
1857.0 -0.834084
1858.0 -0.775346
1859.0 -0.717306
1860.0 -0.660313
1861.0 -0.604935
1862.0 -0.551529
1863.0 -0.500379
1864.0 -0.451434
1865.0 -0.404629
1866.0 -0.359683
1867.0 -0.316497
1868.0 -0.274972
1869.0 -0.234934
1870.0 -0.196246
1871.0 -0.158555
1872.0 -0.121496
1873.0 -0.0851257
1874.0 -0.0493999
1875.0 -0.0137913
1876.0 0.0219634
1877.0 0.0577318
1878.0 0.0935358
1879.0 0.130034
1880.0 0.167526
1881.0 0.205927
1882.0 0.245089
1883.0 0.285549
1884.0 0.327974
1885.0 0.372109
1886.0 0.417872
1887.0 0.465495
1888.0 0.515624
1889.0 0.568157
1890.0 0.622553
1891.0 0.678788
1892.0 0.736688
1893.0 0.795646
1894.0 0.854886
1895.0 0.913334
1896.0 0.96968
1897.0 1.0226
1898.0 1.07105
1899.0 1.11396
1900.0 1.15014
1901.0 1.17957
1902.0 1.2028
1903.0 1.22028
1904.0 1.23251
1905.0 1.24029
1906.0 1.24424
1907.0 1.24464
1908.0 1.24147
1909.0 1.23453
1910.0 1.22339
1911.0 1.20724
1912.0 1.18535
1913.0 1.15726
1914.0 1.12271
1915.0 1.08164
1916.0 1.0345
1917.0 0.982728
1918.0 0.927606
1919.0 0.870129
1920.0 0.811678
1921.0 0.753509
1922.0 0.696174
1923.0 0.640013
1924.0 0.585867
1925.0 0.534124
1926.0 0.484378
1927.0 0.436663
1928.0 0.391053
1929.0 0.347573
1930.0 0.305784
1931.0 0.265451
1932.0 0.226568
1933.0 0.188919
1934.0 0.152172
1935.0 0.116169
1936.0 0.0807478
1937.0 0.0457727
1938.0 0.0111064
1939.0 -0.0235901
1940.0 -0.0588523
1941.0 -0.0944512
1942.0 -0.130269
1943.0 -0.166815
1944.0 -0.204625
1945.0 -0.24362
1946.0 -0.283718
1947.0 -0.325257
1948.0 -0.368651
1949.0 -0.413854
1950.0 -0.460859
1951.0 -0.509946
1952.0 -0.561077
1953.0 -0.614164
1954.0 -0.669157
1955.0 -0.725307
1956.0 -0.781419
1957.0 -0.837183
1958.0 -0.892148
1959.0 -0.943833
1960.0 -0.990941
1961.0 -1.03319
1962.0 -1.07024
1963.0 -1.1008
1964.0 -1.12476
1965.0 -1.14303
1966.0 -1.15653
1967.0 -1.16563
1968.0 -1.17076
1969.0 -1.17247
1970.0 -1.1709
1971.0 -1.16579
1972.0 -1.15687
1973.0 -1.14369
1974.0 -1.12517
1975.0 -1.10033
1976.0 -1.0692
1977.0 -1.032
1978.0 -0.988324
1979.0 -0.938207
1980.0 -0.883542
1981.0 -0.826638
1982.0 -0.767903
1983.0 -0.707502
1984.0 -0.647227
1985.0 -0.588588
1986.0 -0.531945
1987.0 -0.476878
1988.0 -0.423975
1989.0 -0.373689
1990.0 -0.32621
1991.0 -0.281655
1992.0 -0.239798
1993.0 -0.200611
1994.0 -0.164287
1995.0 -0.131351
1996.0 -0.1018
1997.0 -0.0753401
1998.0 -0.0522788
1999.0 -0.0329644
2000.0 -0.0173205
2001.0 -0.00510733
2002.0 0.0038131
2003.0 0.00950308
2004.0 0.0122712
2005.0 0.012533
2006.0 0.0106028
2007.0 0.0068411
2008.0 0.00170396
2009.0 -0.00450163
2010.0 -0.0115448
2011.0 -0.0191032
2012.0 -0.0266794
2013.0 -0.0340816
2014.0 -0.0412385
2015.0 -0.047801
2016.0 -0.0533577
2017.0 -0.0577566
2018.0 -0.060873
2019.0 -0.062417
2020.0 -0.0621772
2021.0 -0.0600685
2022.0 -0.0559227
2023.0 -0.0496177
2024.0 -0.0412619
2025.0 -0.031002
2026.0 -0.0187104
2027.0 -0.00436988
2028.0 0.0115839
2029.0 0.0288808
2030.0 0.0475249
2031.0 0.067533
2032.0 0.0885371
2033.0 0.110224
2034.0 0.132491
2035.0 0.155311
2036.0 0.178475
2037.0 0.201793
2038.0 0.225007
2039.0 0.248038
2040.0 0.270846
2041.0 0.293334
2042.0 0.31516
2043.0 0.336257
2044.0 0.356847
2045.0 0.376886
2046.0 0.39622
2047.0 0.414837
2048.0 0.433041
2049.0 0.451037
2050.0 0.468686
2051.0 0.485963
2052.0 0.50309
2053.0 0.520225
2054.0 0.537129
2055.0 0.553548
2056.0 0.569606
2057.0 0.585355
2058.0 0.600439
2059.0 0.614389
2060.0 0.62706
2061.0 0.638441
2062.0 0.648096
2063.0 0.655662
2064.0 0.661112
2065.0 0.66441
2066.0 0.665407
2067.0 0.664119
2068.0 0.660588
2069.0 0.654787
2070.0 0.646816
2071.0 0.636958
2072.0 0.625436
2073.0 0.61228
2074.0 0.597828
2075.0 0.582592
2076.0 0.566756
2077.0 0.550289
2078.0 0.533334
2079.0 0.516162
2080.0 0.498862
2081.0 0.481273
2082.0 0.463199
2083.0 0.44482
2084.0 0.4262
2085.0 0.407074
2086.0 0.387268
2087.0 0.366799
2088.0 0.345707
2089.0 0.323927
2090.0 0.301335
2091.0 0.278004
2092.0 0.25405
2093.0 0.229475
2094.0 0.204541
2095.0 0.179296
2096.0 0.153718
2097.0 0.127868
2098.0 0.102006
2099.0 0.0764076
2100.0 0.0510051
2101.0 0.0257118
2102.0 0.000787952
2103.0 -0.0234528
2104.0 -0.0469782
2105.0 -0.0698229
2106.0 -0.0917314
2107.0 -0.112402
2108.0 -0.1318
2109.0 -0.149895
2110.0 -0.166334
2111.0 -0.18097
2112.0 -0.193871
2113.0 -0.204911
2114.0 -0.213954
2115.0 -0.221072
2116.0 -0.226387
2117.0 -0.229963
2118.0 -0.2319
2119.0 -0.232383
2120.0 -0.231587
2121.0 -0.229675
2122.0 -0.226827
2123.0 -0.223223
2124.0 -0.21898
2125.0 -0.21424
2126.0 -0.209153
2127.0 -0.203794
2128.0 -0.19823
2129.0 -0.192535
2130.0 -0.186812
2131.0 -0.18112
2132.0 -0.175411
2133.0 -0.169725
2134.0 -0.164175
2135.0 -0.15877
2136.0 -0.153431
2137.0 -0.148175
2138.0 -0.143117
2139.0 -0.138238
2140.0 -0.133464
2141.0 -0.128796
2142.0 -0.124318
2143.0 -0.120012
2144.0 -0.115822
2145.0 -0.111752
2146.0 -0.107844
2147.0 -0.104095
2148.0 -0.100468
2149.0 -0.0969437
2150.0 -0.0935609
2151.0 -0.090317
2152.0 -0.0871868
2153.0 -0.0841476
2154.0 -0.0812262
2155.0 -0.07844
2156.0 -0.0757441
2157.0 -0.073123
2158.0 -0.0706067
2159.0 -0.0682103
2160.0 -0.0658962
2161.0 -0.0636477
2162.0 -0.0614821
2163.0 -0.0594179
2164.0 -0.057423
2165.0 -0.0554924
2166.0 -0.0536374
2167.0 -0.0518545
2168.0 -0.0501366
2169.0 -0.0484684
2170.0 -0.0468763
2171.0 -0.0453428
2172.0 -0.0438581
2173.0 -0.042425
2174.0 -0.0410499
2175.0 -0.0397273
2176.0 -0.0384494
2177.0 -0.0372142
2178.0 -0.0360273
2179.0 -0.0348835
2180.0 -0.0337764
2181.0 -0.0327114
2182.0 -0.0316884
2183.0 -0.0306967
2184.0 -0.0297357
2185.0 -0.0288166
2186.0 -0.0279324
2187.0 -0.0270734
2188.0 -0.0262367
2189.0 -0.0254376
2190.0 -0.0246689
2191.0 -0.0239258
2192.0 -0.0232028
2193.0 -0.0225067
2194.0 -0.0218391
2195.0 -0.0211925
2196.0 -0.0205647
2197.0 -0.0199576
2198.0 -0.0193744
2199.0 -0.0188111
2200.0 -0.018264
2201.0 -0.0177357
2202.0 -0.0172289
2203.0 -0.0167358
2204.0 -0.0162554
2205.0 -0.0157953
2206.0 -0.0153539
2207.0 -0.014923
2208.0 -0.0145015
2209.0 -0.0140972
2210.0 -0.0137097
2211.0 -0.0133314
2212.0 -0.0129655
2213.0 -0.0126101
2214.0 -0.0122676
2215.0 -0.0119348
2216.0 -0.0116138
2217.0 -0.0113018
2218.0 -0.011
2219.0 -0.0107091
2220.0 -0.0104267
2221.0 -0.0101494
2222.0 -0.00988514
2223.0 -0.0096291
2224.0 -0.00937704
2225.0 -0.00913354
2226.0 -0.00889913
2227.0 -0.00867327
2228.0 -0.00844997
2229.0 -0.00823502
2230.0 -0.00802925
2231.0 -0.00782716
2232.0 -0.007631
2233.0 -0.00744097
2234.0 -0.00725737
2235.0 -0.0070795
2236.0 -0.00690463
2237.0 -0.00673554
2238.0 -0.00657192
2239.0 -0.00641184
2240.0 -0.00625681
2241.0 -0.0061079
2242.0 -0.00596352
2243.0 -0.00582186
2244.0 -0.00568303
2245.0 -0.00554931
2246.0 -0.00541928
2247.0 -0.00529229
2248.0 -0.005168
2249.0 -0.00504989
2250.0 -0.00493447
2251.0 -0.00481919
2252.0 -0.0047099
2253.0 -0.0046045
2254.0 -0.00450047
2255.0 -0.00439907
2256.0 -0.00429922
2257.0 -0.00420445
2258.0 -0.00411151
2259.0 -0.00401899
2260.0 -0.00393187
2261.0 -0.00384688
2262.0 -0.0037639
2263.0 -0.00368212
2264.0 -0.00360149
2265.0 -0.00352439
2266.0 -0.00345102
2267.0 -0.00337633
2268.0 -0.00330343
2269.0 -0.00323532
2270.0 -0.00316919
2271.0 -0.00310153
2272.0 -0.00303719
2273.0 -0.00297437
2274.0 -0.00291313
2275.0 -0.00285166
2276.0 -0.00279451
2277.0 -0.00273826
2278.0 -0.0026833
2279.0 -0.00262871
2280.0 -0.00257576
2281.0 -0.00252451
2282.0 -0.00247464
2283.0 -0.00242515
2284.0 -0.00237656
2285.0 -0.00232975
2286.0 -0.002285
2287.0 -0.00224151
2288.0 -0.00219748
2289.0 -0.00215557
2290.0 -0.00211382
2291.0 -0.00207391
2292.0 -0.00203349
2293.0 -0.00199642
2294.0 -0.00195838
2295.0 -0.00192189
2296.0 -0.00188518
2297.0 -0.00185067
2298.0 -0.00181605
2299.0 -0.00178328
2300.0 -0.0017499
2301.0 -0.00171864
2302.0 -0.00168811
2303.0 -0.00165722
2304.0 -0.00162699
2305.0 -0.00159886
2306.0 -0.00157028
2307.0 -0.00154219
2308.0 -0.00151393
2309.0 -0.00148701
2310.0 -0.00146155
2311.0 -0.00143479
2312.0 -0.00140956
2313.0 -0.00138647
2314.0 -0.00136248
2315.0 -0.00133854
2316.0 -0.00131563
2317.0 -0.00129253
2318.0 -0.0012716
2319.0 -0.00124927
2320.0 -0.00122871
2321.0 -0.00120867
2322.0 -0.00118837
2323.0 -0.00116865
2324.0 -0.00115032
2325.0 -0.00113063
2326.0 -0.00111239
2327.0 -0.00109308
2328.0 -0.00107388
2329.0 -0.00105798
2330.0 -0.0010408
2331.0 -0.00102365
2332.0 -0.00100774
2333.0 -0.000992367
2334.0 -0.000977065
2335.0 -0.000961073
2336.0 -0.000945784
2337.0 -0.000931038
2338.0 -0.000915378
2339.0 -0.000901387
2340.0 -0.000888617
2341.0 -0.000874537
2342.0 -0.000860977
2343.0 -0.000846825
2344.0 -0.000833404
2345.0 -0.000822231
2346.0 -0.00081006
2347.0 -0.000796268
2348.0 -0.000784776
2349.0 -0.000772336
2350.0 -0.00076115
2351.0 -0.000750258
2352.0 -0.000740114
2353.0 -0.000729354
2354.0 -0.000719073
2355.0 -0.0007079
2356.0 -0.000697302
2357.0 -0.000687428
2358.0 -0.000678277
2359.0 -0.000668243
2360.0 -0.000659441
2361.0 -0.000650544
2362.0 -0.000640267
2363.0 -0.000631636
2364.0 -0.000622788
2365.0 -0.000612888
2366.0 -0.000604567
2367.0 -0.000597043
2368.0 -0.000587753
2369.0 -0.000581118
2370.0 -0.00057262
2371.0 -0.000564312
2372.0 -0.000558172
2373.0 -0.000549636
2374.0 -0.000542702
2375.0 -0.00053587
2376.0 -0.000528452
2377.0 -0.000521547
2378.0 -0.000514019
2379.0 -0.000507635
2380.0 -0.000500979
2381.0 -0.000494442
2382.0 -0.000488277
2383.0 -0.000481414
2384.0 -0.000475773
2385.0 -0.000470056
2386.0 -0.000463693
2387.0 -0.000457482
2388.0 -0.000451427
2389.0 -0.000445767
2390.0 -0.000440007
2391.0 -0.000434754
2392.0 -0.000430238
2393.0 -0.000424508
2394.0 -0.000417695
2395.0 -0.000413451
2396.0 -0.000411479
2397.0 -0.000405205
2398.0 -0.000399292
2399.0 -0.000395434
2400.0 -0.000390124
2401.0 -0.000387189
2402.0 -0.000381769
2403.0 -0.000376163
2404.0 -0.000371226
2405.0 -0.000368159
2406.0 -0.000364124
2407.0 -0.000359482
2408.0 -0.000355584
2409.0 -0.000352695
2410.0 -0.000348784
2411.0 -0.000344548
2412.0 -0.000340518
2413.0 -0.000336875
2414.0 -0.000332342
2415.0 -0.00032738
2416.0 -0.000325649
2417.0 -0.00032245
2418.0 -0.000317287
2419.0 -0.000315131
2420.0 -0.000311219
2421.0 -0.00030884
2422.0 -0.000304517
2423.0 -0.000300248
2424.0 -0.00029805
2425.0 -0.000295664
2426.0 -0.000292135
2427.0 -0.000289346
2428.0 -0.000286574
2429.0 -0.000283558
2430.0 -0.000281376
2431.0 -0.00027816
2432.0 -0.000274429
2433.0 -0.00027288
2434.0 -0.000270752
2435.0 -0.000266718
2436.0 -0.000264344
2437.0 -0.000262027
2438.0 -0.000259311
2439.0 -0.000257046
2440.0 -0.000253572
2441.0 -0.000250946
2442.0 -0.000248464
2443.0 -0.00024569
2444.0 -0.000243711
2445.0 -0.000241163
2446.0 -0.000239961
2447.0 -0.000237487
2448.0 -0.000235392
2449.0 -0.000233518
2450.0 -0.000230515
2451.0 -0.000227147
2452.0 -0.000224405
2453.0 -0.000223856
2454.0 -0.000221629
2455.0 -0.000218719
2456.0 -0.000218112
2457.0 -0.000215558
2458.0 -0.000212574
2459.0 -0.000210214
2460.0 -0.000208386
2461.0 -0.000206591
2462.0 -0.000205131
2463.0 -0.000202804
2464.0 -0.000201615
2465.0 -0.000200145
2466.0 -0.000197857
2467.0 -0.000195752
2468.0 -0.000193203
2469.0 -0.000191252
2470.0 -0.000190648
