-2651.0 -5.44819e-06
-2650.0 -5.21811e-06
-2649.0 -4.40021e-06
-2648.0 -4.64968e-06
-2647.0 -4.70661e-06
-2646.0 -4.59854e-06
-2645.0 -4.86737e-06
-2644.0 -5.27614e-06
-2643.0 -4.85495e-06
-2642.0 -3.90491e-06
-2641.0 -4.80562e-06
-2640.0 -3.58629e-06
-2639.0 -3.69187e-06
-2638.0 -2.91639e-06
-2637.0 -2.65807e-06
-2636.0 -3.67162e-06
-2635.0 -1.90125e-06
-2634.0 -1.92626e-06
-2633.0 -2.49911e-06
-2632.0 -3.10444e-06
-2631.0 -2.66602e-06
-2630.0 -9.55294e-07
-2629.0 -1.98828e-07
-2628.0 2.24458e-07
-2627.0 1.43046e-06
-2626.0 1.34909e-06
-2625.0 4.25739e-07
-2624.0 1.26267e-06
-2623.0 1.44984e-06
-2622.0 6.23495e-07
-2621.0 2.58376e-06
-2620.0 2.42632e-06
-2619.0 1.11463e-06
-2618.0 2.95731e-06
-2617.0 3.28693e-06
-2616.0 4.0843e-06
-2615.0 4.74426e-06
-2614.0 2.54901e-06
-2613.0 3.87872e-06
-2612.0 5.20519e-06
-2611.0 4.58116e-06
-2610.0 5.27202e-06
-2609.0 5.79426e-06
-2608.0 5.80179e-06
-2607.0 6.38348e-06
-2606.0 6.26478e-06
-2605.0 9.1995e-06
-2604.0 8.3847e-06
-2603.0 7.4554e-06
-2602.0 9.03037e-06
-2601.0 9.50247e-06
-2600.0 8.91774e-06
-2599.0 8.5798e-06
-2598.0 9.60071e-06
-2597.0 9.83367e-06
-2596.0 1.09472e-05
-2595.0 1.1635e-05
-2594.0 1.08287e-05
-2593.0 1.01092e-05
-2592.0 1.04612e-05
-2591.0 1.23453e-05
-2590.0 1.29189e-05
-2589.0 1.31123e-05
-2588.0 1.33247e-05
-2587.0 1.32047e-05
-2586.0 1.46435e-05
-2585.0 1.43898e-05
-2584.0 1.71076e-05
-2583.0 1.52099e-05
-2582.0 1.52778e-05
-2581.0 1.52366e-05
-2580.0 1.69403e-05
-2579.0 1.76418e-05
-2578.0 1.77132e-05
-2577.0 1.74344e-05
-2576.0 1.95554e-05
-2575.0 2.00957e-05
-2574.0 2.04571e-05
-2573.0 2.05865e-05
-2572.0 2.10879e-05
-2571.0 2.08038e-05
-2570.0 2.11702e-05
-2569.0 2.21622e-05
-2568.0 2.28234e-05
-2567.0 2.25543e-05
-2566.0 2.16895e-05
-2565.0 2.17752e-05
-2564.0 2.20881e-05
-2563.0 2.3874e-05
-2562.0 2.56522e-05
-2561.0 2.58927e-05
-2560.0 2.62134e-05
-2559.0 2.77429e-05
-2558.0 2.64991e-05
-2557.0 2.71819e-05
-2556.0 2.89066e-05
-2555.0 2.89704e-05
-2554.0 2.82758e-05
-2553.0 3.04042e-05
-2552.0 3.13367e-05
-2551.0 3.1176e-05
-2550.0 3.22584e-05
-2549.0 3.24234e-05
-2548.0 3.3357e-05
-2547.0 3.33063e-05
-2546.0 3.3618e-05
-2545.0 3.46717e-05
-2544.0 3.51756e-05
-2543.0 3.56162e-05
-2542.0 3.67574e-05
-2541.0 3.83799e-05
-2540.0 3.81718e-05
-2539.0 3.8107e-05
-2538.0 3.90172e-05
-2537.0 3.93827e-05
-2536.0 4.14423e-05
-2535.0 4.08509e-05
-2534.0 4.26839e-05
-2533.0 4.31759e-05
-2532.0 4.37552e-05
-2531.0 4.49112e-05
-2530.0 4.49619e-05
-2529.0 4.53563e-05
-2528.0 4.70447e-05
-2527.0 4.78105e-05
-2526.0 4.844e-05
-2525.0 4.83219e-05
-2524.0 4.99876e-05
-2523.0 5.05095e-05
-2522.0 5.05637e-05
-2521.0 5.10451e-05
-2520.0 5.26773e-05
-2519.0 5.4222e-05
-2518.0 5.33089e-05
-2517.0 5.41651e-05
-2516.0 5.69942e-05
-2515.0 5.72039e-05
-2514.0 5.708e-05
-2513.0 5.8023e-05
-2512.0 5.83908e-05
-2511.0 6.06146e-05
-2510.0 6.11118e-05
-2509.0 6.21914e-05
-2508.0 6.22194e-05
-2507.0 6.3979e-05
-2506.0 6.45396e-05
-2505.0 6.50476e-05
-2504.0 6.73797e-05
-2503.0 6.75285e-05
-2502.0 6.79493e-05
-2501.0 6.89634e-05
-2500.0 7.10189e-05
-2499.0 7.32557e-05
-2498.0 7.28413e-05
-2497.0 7.44036e-05
-2496.0 7.52611e-05
-2495.0 7.61504e-05
-2494.0 7.74997e-05
-2493.0 7.7715e-05
-2492.0 7.90401e-05
-2491.0 8.01826e-05
-2490.0 8.13563e-05
-2489.0 8.33894e-05
-2488.0 8.34545e-05
-2487.0 8.37824e-05
-2486.0 8.58415e-05
-2485.0 8.78172e-05
-2484.0 8.7642e-05
-2483.0 8.84972e-05
-2482.0 9.1354e-05
-2481.0 9.24309e-05
-2480.0 9.23668e-05
-2479.0 9.45984e-05
-2478.0 9.59975e-05
-2477.0 9.75177e-05
-2476.0 9.87752e-05
-2475.0 9.96661e-05
-2474.0 0.000101973
-2473.0 0.000102715
-2472.0 0.000105456
-2471.0 0.000107235
-2470.0 0.000107862
-2469.0 0.000108804
-2468.0 0.00011131
-2467.0 0.00011361
-2466.0 0.000114534
-2465.0 0.00011675
-2464.0 0.000117589
-2463.0 0.000119042
-2462.0 0.000121476
-2461.0 0.000123712
-2460.0 0.000125275
-2459.0 0.00012647
-2458.0 0.000128117
-2457.0 0.000129285
-2456.0 0.000132757
-2455.0 0.000133972
-2454.0 0.000134404
-2453.0 0.000138233
-2452.0 0.000139165
-2451.0 0.000141544
-2450.0 0.000144646
-2449.0 0.000146654
-2448.0 0.000147753
-2447.0 0.000149655
-2446.0 0.000152057
-2445.0 0.000153721
-2444.0 0.00015639
-2443.0 0.000158653
-2442.0 0.000160924
-2441.0 0.000163193
-2440.0 0.000164834
-2439.0 0.000167893
-2438.0 0.000170153
-2437.0 0.000172457
-2436.0 0.000175263
-2435.0 0.000176847
-2434.0 0.000181568
-2433.0 0.000183328
-2432.0 0.000184036
-2431.0 0.000187132
-2430.0 0.000191075
-2429.0 0.000193918
-2428.0 0.000196655
-2427.0 0.000199153
-2426.0 0.000200212
-2425.0 0.000203426
-2424.0 0.000206345
-2423.0 0.000210093
-2422.0 0.000213938
-2421.0 0.000215788
-2420.0 0.000218844
-2419.0 0.000223449
-2418.0 0.000225585
-2417.0 0.000229261
-2416.0 0.00023357
-2415.0 0.000236226
-2414.0 0.000239907
-2413.0 0.000244333
-2412.0 0.000248382
-2411.0 0.00025135
-2410.0 0.000255305
-2409.0 0.000258706
-2408.0 0.00026254
-2407.0 0.000266157
-2406.0 0.00027075
-2405.0 0.00027468
-2404.0 0.000278055
-2403.0 0.000283419
-2402.0 0.000288094
-2401.0 0.000290625
-2400.0 0.000296691
-2399.0 0.00030051
-2398.0 0.000305256
-2397.0 0.00030942
-2396.0 0.000314817
-2395.0 0.00031897
-2394.0 0.000323417
-2393.0 0.000327863
-2392.0 0.0003327
-2391.0 0.000339609
-2390.0 0.000344613
-2389.0 0.000349754
-2388.0 0.000356302
-2387.0 0.000360967
-2386.0 0.000366015
-2385.0 0.000372243
-2384.0 0.000379388
-2383.0 0.000383446
-2382.0 0.000389895
-2381.0 0.000396006
-2380.0 0.000402504
-2379.0 0.000407997
-2378.0 0.000413742
-2377.0 0.000421739
-2376.0 0.000429423
-2375.0 0.000434358
-2374.0 0.000442777
-2373.0 0.000448217
-2372.0 0.00045663
-2371.0 0.000463546
-2370.0 0.000471891
-2369.0 0.000479181
-2368.0 0.000486638
-2367.0 0.000494574
-2366.0 0.000502868
-2365.0 0.000511037
-2364.0 0.000518482
-2363.0 0.000526911
-2362.0 0.000534465
-2361.0 0.000543376
-2360.0 0.00055281
-2359.0 0.000562132
-2358.0 0.000571426
-2357.0 0.000581008
-2356.0 0.000590185
-2355.0 0.00060138
-2354.0 0.000610332
-2353.0 0.000619425
-2352.0 0.000629651
-2351.0 0.000640953
-2350.0 0.000652104
-2349.0 0.000663215
-2348.0 0.000673035
-2347.0 0.000683964
-2346.0 0.000696
-2345.0 0.000707544
-2344.0 0.000718982
-2343.0 0.000732134
-2342.0 0.000745501
-2341.0 0.000757687
-2340.0 0.000771041
-2339.0 0.000784902
-2338.0 0.000797882
-2337.0 0.000811873
-2336.0 0.000826821
-2335.0 0.000842229
-2334.0 0.000857445
-2333.0 0.000872182
-2332.0 0.000887053
-2331.0 0.00090204
-2330.0 0.000918193
-2329.0 0.000935334
-2328.0 0.000951173
-2327.0 0.000968595
-2326.0 0.000986318
-2325.0 0.00100427
-2324.0 0.00102495
-2323.0 0.0010427
-2322.0 0.00106049
-2321.0 0.00107988
-2320.0 0.00110059
-2319.0 0.00112197
-2318.0 0.00114209
-2317.0 0.00116313
-2316.0 0.00118356
-2315.0 0.00120456
-2314.0 0.0012285
-2313.0 0.00125169
-2312.0 0.00127537
-2311.0 0.00129974
-2310.0 0.00132461
-2309.0 0.00134977
-2308.0 0.00137571
-2307.0 0.00140196
-2306.0 0.00142814
-2305.0 0.00145594
-2304.0 0.00148443
-2303.0 0.0015139
-2302.0 0.00154406
-2301.0 0.00157432
-2300.0 0.00160485
-2299.0 0.00163472
-2298.0 0.00166834
-2297.0 0.00170176
-2296.0 0.00173502
-2295.0 0.00176996
-2294.0 0.00180678
-2293.0 0.00184203
-2292.0 0.00187836
-2291.0 0.00191706
-2290.0 0.00195638
-2289.0 0.00199614
-2288.0 0.00203763
-2287.0 0.00207962
-2286.0 0.00212181
-2285.0 0.00216772
-2284.0 0.00221315
-2283.0 0.00225976
-2282.0 0.00230813
-2281.0 0.00235538
-2280.0 0.00240594
-2279.0 0.00245791
-2278.0 0.00250999
-2277.0 0.00256388
-2276.0 0.00261912
-2275.0 0.00267668
-2274.0 0.00273292
-2273.0 0.00279323
-2272.0 0.00285419
-2271.0 0.00291727
-2270.0 0.00298298
-2269.0 0.00304893
-2268.0 0.00311631
-2267.0 0.00318662
-2266.0 0.00325847
-2265.0 0.00333118
-2264.0 0.00340641
-2263.0 0.00348409
-2262.0 0.00356468
-2261.0 0.00364701
-2260.0 0.00372972
-2259.0 0.00381688
-2258.0 0.00390654
-2257.0 0.00399674
-2256.0 0.0040882
-2255.0 0.00418521
-2254.0 0.00428578
-2253.0 0.00438782
-2252.0 0.0044936
-2251.0 0.00460048
-2250.0 0.004711
-2249.0 0.00482367
-2248.0 0.00494035
-2247.0 0.00506219
-2246.0 0.0051857
-2245.0 0.00531408
-2244.0 0.00544604
-2243.0 0.00558082
-2242.0 0.00571899
-2241.0 0.00586235
-2240.0 0.00600965
-2239.0 0.00616103
-2238.0 0.00631802
-2237.0 0.00647909
-2236.0 0.00664403
-2235.0 0.00681458
-2234.0 0.00699099
-2233.0 0.00717245
-2232.0 0.0073589
-2231.0 0.00755113
-2230.0 0.00774892
-2229.0 0.00795382
-2228.0 0.00816573
-2227.0 0.00838435
-2226.0 0.00860716
-2225.0 0.00883809
-2224.0 0.00907676
-2223.0 0.00932562
-2222.0 0.00957947
-2221.0 0.0098409
-2220.0 0.0101111
-2219.0 0.0103912
-2218.0 0.0106816
-2217.0 0.0109807
-2216.0 0.0112878
-2215.0 0.0116038
-2214.0 0.011933
-2213.0 0.0122735
-2212.0 0.0126252
-2211.0 0.0129871
-2210.0 0.0133592
-2209.0 0.0137466
-2208.0 0.0141472
-2207.0 0.0145605
-2206.0 0.014989
-2205.0 0.0154301
-2204.0 0.0158869
-2203.0 0.016361
-2202.0 0.0168495
-2201.0 0.0173555
-2200.0 0.0178779
-2199.0 0.0184214
-2198.0 0.0189827
-2197.0 0.0195652
-2196.0 0.0201668
-2195.0 0.0207891
-2194.0 0.0214345
-2193.0 0.0221023
-2192.0 0.0227945
-2191.0 0.0235113
-2190.0 0.0242529
-2189.0 0.0250218
-2188.0 0.0258217
-2187.0 0.0266493
-2186.0 0.0275043
-2185.0 0.0283933
-2184.0 0.0293151
-2183.0 0.0302709
-2182.0 0.0312622
-2181.0 0.0322889
-2180.0 0.0333576
-2179.0 0.0344651
-2178.0 0.0356118
-2177.0 0.0368013
-2176.0 0.0380363
-2175.0 0.0393193
-2174.0 0.040656
-2173.0 0.0420427
-2172.0 0.0434797
-2171.0 0.0449657
-2170.0 0.0465054
-2169.0 0.0481101
-2168.0 0.0497879
-2167.0 0.0515306
-2166.0 0.0533333
-2165.0 0.0551975
-2164.0 0.0571358
-2163.0 0.0591602
-2162.0 0.0612674
-2161.0 0.0634509
-2160.0 0.0657165
-2159.0 0.0680708
-2158.0 0.0705179
-2157.0 0.0730656
-2156.0 0.0757166
-2155.0 0.0784703
-2154.0 0.0813228
-2153.0 0.0842882
-2152.0 0.0873702
-2151.0 0.0905818
-2150.0 0.0939156
-2149.0 0.0973781
-2148.0 0.100978
-2147.0 0.10472
-2146.0 0.108607
-2145.0 0.112636
-2144.0 0.116813
-2143.0 0.121147
-2142.0 0.125649
-2141.0 0.130316
-2140.0 0.135138
-2139.0 0.14013
-2138.0 0.145299
-2137.0 0.150636
-2136.0 0.15613
-2135.0 0.161773
-2134.0 0.167591
-2133.0 0.173574
-2132.0 0.179658
-2131.0 0.18583
-2130.0 0.192095
-2129.0 0.198424
-2128.0 0.204765
-2127.0 0.211039
-2126.0 0.217173
-2125.0 0.223106
-2124.0 0.228743
-2123.0 0.233936
-2122.0 0.238541
-2121.0 0.242387
-2120.0 0.245303
-2119.0 0.247093
-2118.0 0.247536
-2117.0 0.246405
-2116.0 0.243522
-2115.0 0.238726
-2114.0 0.231841
-2113.0 0.222769
-2112.0 0.211534
-2111.0 0.198204
-2110.0 0.182801
-2109.0 0.165385
-2108.0 0.146197
-2107.0 0.125531
-2106.0 0.103566
-2105.0 0.0803391
-2104.0 0.0559389
-2103.0 0.0307075
-2102.0 0.00493057
-2101.0 -0.0212642
-2100.0 -0.0478671
-2099.0 -0.0748829
-2098.0 -0.102172
-2097.0 -0.129423
-2096.0 -0.156415
-2095.0 -0.183201
-2094.0 -0.209681
-2093.0 -0.235749
-2092.0 -0.261118
-2091.0 -0.28563
-2090.0 -0.309236
-2089.0 -0.331946
-2088.0 -0.353648
-2087.0 -0.374228
-2086.0 -0.393751
-2085.0 -0.412396
-2084.0 -0.430376
-2083.0 -0.447867
-2082.0 -0.465034
-2081.0 -0.482159
-2080.0 -0.49952
-2079.0 -0.517246
-2078.0 -0.535447
-2077.0 -0.554101
-2076.0 -0.572991
-2075.0 -0.591912
-2074.0 -0.610584
-2073.0 -0.628512
-2072.0 -0.645114
-2071.0 -0.659896
-2070.0 -0.672505
-2069.0 -0.682702
-2068.0 -0.690196
-2067.0 -0.69486
-2066.0 -0.696671
-2065.0 -0.695639
-2064.0 -0.691771
-2063.0 -0.685093
-2062.0 -0.675721
-2061.0 -0.663922
-2060.0 -0.64995
-2059.0 -0.634174
-2058.0 -0.617094
-2057.0 -0.599234
-2056.0 -0.58109
-2055.0 -0.563041
-2054.0 -0.545308
-2053.0 -0.528034
-2052.0 -0.511309
-2051.0 -0.495057
-2050.0 -0.479098
-2049.0 -0.463174
-2048.0 -0.447038
-2047.0 -0.430469
-2046.0 -0.413237
-2045.0 -0.39514
-2044.0 -0.376132
-2043.0 -0.356076
-2042.0 -0.335052
-2041.0 -0.313124
-2040.0 -0.290357
-2039.0 -0.26686
-2038.0 -0.242819
-2037.0 -0.218473
-2036.0 -0.194064
-2035.0 -0.169671
-2034.0 -0.145396
-2033.0 -0.121454
-2032.0 -0.0981392
-2031.0 -0.0757244
-2030.0 -0.0543438
-2029.0 -0.0341167
-2028.0 -0.0152629
-2027.0 0.00194883
-2026.0 0.0172462
-2025.0 0.0304452
-2024.0 0.0414545
-2023.0 0.0501334
-2022.0 0.0563944
-2021.0 0.0602307
-2020.0 0.0617253
-2019.0 0.0610046
-2018.0 0.0582326
-2017.0 0.0536104
-2016.0 0.0474252
-2015.0 0.0399367
-2014.0 0.0313762
-2013.0 0.0219897
-2012.0 0.0121064
-2011.0 0.00203371
-2010.0 -0.00795879
-2009.0 -0.0175999
-2008.0 -0.026536
-2007.0 -0.0343564
-2006.0 -0.0406844
-2005.0 -0.0451029
-2004.0 -0.0471387
-2003.0 -0.0463344
-2002.0 -0.042265
-2001.0 -0.0345664
-2000.0 -0.0229377
-1999.0 -0.00716054
-1998.0 0.0128713
-1997.0 0.0369851
-1996.0 0.0649971
-1995.0 0.0969072
-1994.0 0.13269
-1993.0 0.172004
-1992.0 0.214541
-1991.0 0.260457
-1990.0 0.309683
-1989.0 0.362394
-1988.0 0.418534
-1987.0 0.477838
-1986.0 0.540422
-1985.0 0.60625
-1984.0 0.67511
-1983.0 0.746082
-1982.0 0.817999
-1981.0 0.889627
-1980.0 0.959741
-1979.0 1.02689
-1978.0 1.08867
-1977.0 1.14274
-1976.0 1.18807
-1975.0 1.2247
-1974.0 1.25306
-1973.0 1.27385
-1972.0 1.28821
-1971.0 1.29742
-1970.0 1.30249
-1969.0 1.30404
-1968.0 1.3022
-1967.0 1.29669
-1966.0 1.28695
-1965.0 1.27213
-1964.0 1.25095
-1963.0 1.22215
-1962.0 1.18495
-1961.0 1.13948
-1960.0 1.08668
-1959.0 1.02769
-1958.0 0.964042
-1957.0 0.897862
-1956.0 0.831146
-1955.0 0.765332
-1954.0 0.701232
-1953.0 0.639381
-1952.0 0.580184
-1951.0 0.523925
-1950.0 0.470906
-1949.0 0.420907
-1948.0 0.373407
-1947.0 0.328116
-1946.0 0.284931
-1945.0 0.2438
-1944.0 0.204404
-1943.0 0.166366
-1942.0 0.129397
-1941.0 0.0931721
-1940.0 0.0574716
-1939.0 0.0223117
-1938.0 -0.012654
-1937.0 -0.0477022
-1936.0 -0.0830742
-1935.0 -0.119132
-1934.0 -0.155919
-1933.0 -0.193514
-1932.0 -0.232255
-1931.0 -0.27252
-1930.0 -0.314635
-1929.0 -0.35891
-1928.0 -0.405274
-1927.0 -0.453896
-1926.0 -0.505266
-1925.0 -0.559667
-1924.0 -0.617485
-1923.0 -0.678511
-1922.0 -0.742199
-1921.0 -0.808159
-1920.0 -0.876277
-1919.0 -0.945946
-1918.0 -1.01543
-1917.0 -1.08238
-1916.0 -1.1448
-1915.0 -1.20131
-1914.0 -1.25067
-1913.0 -1.2917
-1912.0 -1.32386
-1911.0 -1.34773
-1910.0 -1.36468
-1909.0 -1.37614
-1908.0 -1.38307
-1907.0 -1.38607
-1906.0 -1.38551
-1905.0 -1.3814
-1904.0 -1.37323
-1903.0 -1.35998
-1902.0 -1.34046
-1901.0 -1.31355
-1900.0 -1.2785
-1899.0 -1.23485
-1898.0 -1.18263
-1897.0 -1.12294
-1896.0 -1.05768
-1895.0 -0.989229
-1894.0 -0.919734
-1893.0 -0.850529
-1892.0 -0.782474
-1891.0 -0.716435
-1890.0 -0.653272
-1889.0 -0.593277
-1888.0 -0.536571
-1887.0 -0.482876
-1886.0 -0.431933
-1885.0 -0.383705
-1884.0 -0.33777
-1883.0 -0.293916
-1882.0 -0.252035
-1881.0 -0.211699
-1880.0 -0.172459
-1879.0 -0.134152
-1878.0 -0.0967206
-1877.0 -0.0599129
-1876.0 -0.0232998
-1875.0 0.0134624
-1874.0 0.0505126
-1873.0 0.0879525
-1872.0 0.125957
-1871.0 0.164765
-1870.0 0.20475
-1869.0 0.246152
-1868.0 0.288971
-1867.0 0.333287
-1866.0 0.379273
-1865.0 0.427278
-1864.0 0.477769
-1863.0 0.530962
-1862.0 0.586543
-1861.0 0.644619
-1860.0 0.705474
-1859.0 0.769257
-1858.0 0.835289
-1857.0 0.902156
-1856.0 0.968602
-1855.0 1.03323
-1854.0 1.09464
-1853.0 1.15127
-1852.0 1.20115
-1851.0 1.24289
-1850.0 1.27632
-1849.0 1.30205
-1848.0 1.32093
-1847.0 1.33396
-1846.0 1.34222
-1845.0 1.3466
-1844.0 1.34766
-1843.0 1.34555
-1842.0 1.33997
-1841.0 1.33027
-1840.0 1.31559
-1839.0 1.29488
-1838.0 1.26698
-1837.0 1.23106
-1836.0 1.18692
-1835.0 1.13542
-1834.0 1.07795
-1833.0 1.01604
-1832.0 0.951223
-1831.0 0.885376
-1830.0 0.820031
-1829.0 0.756192
-1828.0 0.694651
-1827.0 0.635856
-1826.0 0.579939
-1825.0 0.526792
-1824.0 0.4762
-1823.0 0.42808
-1822.0 0.382241
-1821.0 0.33837
-1820.0 0.296201
-1819.0 0.255566
-1818.0 0.216303
-1817.0 0.17829
-1816.0 0.141397
-1815.0 0.105415
-1814.0 0.0700605
-1813.0 0.0350545
-1812.0 0.000280187
-1811.0 -0.034411
-1810.0 -0.0692065
-1809.0 -0.104465
-1808.0 -0.14049
-1807.0 -0.177424
-1806.0 -0.215457
-1805.0 -0.254832
-1804.0 -0.295949
-1803.0 -0.33908
-1802.0 -0.384361
-1801.0 -0.432047
-1800.0 -0.482325
-1799.0 -0.535413
-1798.0 -0.591414
-1797.0 -0.650016
-1796.0 -0.71092
-1795.0 -0.773638
-1794.0 -0.837209
-1793.0 -0.900576
-1792.0 -0.962208
-1791.0 -1.02
-1790.0 -1.07236
-1789.0 -1.11779
-1788.0 -1.15539
-1787.0 -1.18504
-1786.0 -1.20723
-1785.0 -1.22302
-1784.0 -1.2336
-1783.0 -1.23991
-1782.0 -1.24267
-1781.0 -1.2422
-1780.0 -1.23847
-1779.0 -1.23106
-1778.0 -1.21914
-1777.0 -1.20171
-1776.0 -1.17764
-1775.0 -1.14595
-1774.0 -1.10617
-1773.0 -1.05849
-1772.0 -1.00408
-1771.0 -0.944892
-1770.0 -0.882664
-1769.0 -0.818946
-1768.0 -0.755194
-1767.0 -0.692737
-1766.0 -0.63287
-1765.0 -0.575903
-1764.0 -0.521913
-1763.0 -0.470978
-1762.0 -0.422832
-1761.0 -0.377311
-1760.0 -0.33446
-1759.0 -0.294059
-1758.0 -0.255644
-1757.0 -0.21892
-1756.0 -0.183576
-1755.0 -0.149418
-1754.0 -0.116143
-1753.0 -0.083644
-1752.0 -0.0518183
-1751.0 -0.0202795
-1750.0 0.0112456
-1749.0 0.0428899
-1748.0 0.0747872
-1747.0 0.107099
-1746.0 0.140106
-1745.0 0.174096
-1744.0 0.209315
-1743.0 0.245951
-1742.0 0.284213
-1741.0 0.324386
-1740.0 0.366681
-1739.0 0.411552
-1738.0 0.45928
-1737.0 0.509979
-1736.0 0.563595
-1735.0 0.620059
-1734.0 0.67938
-1733.0 0.741247
-1732.0 0.804849
-1731.0 0.868963
-1730.0 0.932113
-1729.0 0.992508
-1728.0 1.04825
-1727.0 1.09774
-1726.0 1.13964
-1725.0 1.1735
-1724.0 1.19957
-1723.0 1.21865
-1722.0 1.2319
-1721.0 1.24042
-1720.0 1.24507
-1719.0 1.24637
-1718.0 1.24449
-1717.0 1.23916
-1716.0 1.22977
-1715.0 1.21544
-1714.0 1.19497
-1713.0 1.1672
-1712.0 1.13156
-1711.0 1.08801
-1710.0 1.03705
-1709.0 0.979998
-1708.0 0.918943
-1707.0 0.855746
-1706.0 0.791706
-1705.0 0.728212
-1704.0 0.666405
-1703.0 0.607003
-1702.0 0.550426
-1701.0 0.496437
-1700.0 0.445324
-1699.0 0.396937
-1698.0 0.351152
-1697.0 0.307765
-1696.0 0.266424
-1695.0 0.226845
-1694.0 0.188673
-1693.0 0.151846
-1692.0 0.1163
-1691.0 0.0816578
-1690.0 0.0474386
-1689.0 0.0133881
-1688.0 -0.020428
-1687.0 -0.0541492
-1686.0 -0.08807
-1685.0 -0.122471
-1684.0 -0.157804
-1683.0 -0.194091
-1682.0 -0.23158
-1681.0 -0.270348
-1680.0 -0.310669
-1679.0 -0.353047
-1678.0 -0.39773
-1677.0 -0.444921
-1676.0 -0.494768
-1675.0 -0.547469
-1674.0 -0.603297
-1673.0 -0.662369
-1672.0 -0.724362
-1671.0 -0.78899
-1670.0 -0.855812
-1669.0 -0.923828
-1668.0 -0.991728
-1667.0 -1.05783
-1666.0 -1.12013
-1665.0 -1.17667
-1664.0 -1.22579
-1663.0 -1.26656
-1662.0 -1.29877
-1661.0 -1.323
-1660.0 -1.3403
-1659.0 -1.35192
-1658.0 -1.3589
-1657.0 -1.362
-1656.0 -1.36161
-1655.0 -1.35768
-1654.0 -1.34973
-1653.0 -1.33689
-1652.0 -1.31808
-1651.0 -1.29212
-1650.0 -1.25789
-1649.0 -1.21494
-1648.0 -1.16345
-1647.0 -1.10481
-1646.0 -1.04085
-1645.0 -0.973448
-1644.0 -0.904348
-1643.0 -0.835089
-1642.0 -0.767161
-1641.0 -0.701668
-1640.0 -0.639098
-1639.0 -0.579404
-1638.0 -0.522651
-1637.0 -0.468996
-1636.0 -0.418389
-1635.0 -0.370496
-1634.0 -0.325011
-1633.0 -0.28159
-1632.0 -0.240095
-1631.0 -0.200221
-1630.0 -0.161637
-1629.0 -0.124148
-1628.0 -0.0874809
-1627.0 -0.0514255
-1626.0 -0.0157692
-1625.0 0.019702
-1624.0 0.0552895
-1623.0 0.0913088
-1622.0 0.127818
-1621.0 0.164926
-1620.0 0.20298
-1619.0 0.242525
-1618.0 0.283743
-1617.0 0.326585
-1616.0 0.371244
-1615.0 0.41812
-1614.0 0.467906
-1613.0 0.520769
-1612.0 0.576441
-1611.0 0.635179
-1610.0 0.696873
-1609.0 0.761361
-1608.0 0.828659
-1607.0 0.897579
-1606.0 0.966926
-1605.0 1.03505
-1604.0 1.10016
-1603.0 1.1604
-1602.0 1.21394
-1601.0 1.2593
-1600.0 1.29581
-1599.0 1.32388
-1598.0 1.34442
-1597.0 1.35866
-1596.0 1.36778
-1595.0 1.3727
-1594.0 1.37399
-1593.0 1.3718
-1592.0 1.36589
-1591.0 1.35559
-1590.0 1.33986
-1589.0 1.3175
-1588.0 1.28732
-1587.0 1.24845
-1586.0 1.20087
-1585.0 1.14541
-1584.0 1.08354
-1583.0 1.01733
-1582.0 0.948643
-1581.0 0.879262
-1580.0 0.810598
-1579.0 0.743559
-1578.0 0.679305
-1577.0 0.61828
-1576.0 0.560382
-1575.0 0.505503
-1574.0 0.453414
-1573.0 0.404186
-1572.0 0.357721
-1571.0 0.31366
-1570.0 0.271587
-1569.0 0.231065
-1568.0 0.191864
-1567.0 0.153994
-1566.0 0.117323
-1565.0 0.0813988
-1564.0 0.0457729
-1563.0 0.0102805
-1562.0 -0.0251315
-1561.0 -0.0606
-1560.0 -0.0964357
-1559.0 -0.13308
-1558.0 -0.170746
-1557.0 -0.209443
-1556.0 -0.249522
-1555.0 -0.291207
-1554.0 -0.334957
-1553.0 -0.380962
-1552.0 -0.42952
-1551.0 -0.480764
-1550.0 -0.534747
-1549.0 -0.591748
-1548.0 -0.652274
-1547.0 -0.716163
-1546.0 -0.782492
-1545.0 -0.850497
-1544.0 -0.919469
-1543.0 -0.988373
-1542.0 -1.05552
-1541.0 -1.11875
-1540.0 -1.17603
-1539.0 -1.2256
-1538.0 -1.2665
-1537.0 -1.29877
-1536.0 -1.32303
-1535.0 -1.34034
-1534.0 -1.35194
-1533.0 -1.35889
-1532.0 -1.36197
-1531.0 -1.36156
-1530.0 -1.3576
-1529.0 -1.34964
-1528.0 -1.33679
-1527.0 -1.31792
-1526.0 -1.29185
-1525.0 -1.25771
-1524.0 -1.21498
-1523.0 -1.16373
-1522.0 -1.10538
-1521.0 -1.04193
-1520.0 -0.975205
-1519.0 -0.90694
-1518.0 -0.838796
-1517.0 -0.772118
-1516.0 -0.707791
-1515.0 -0.646364
-1514.0 -0.588022
-1513.0 -0.532763
-1512.0 -0.480561
-1511.0 -0.431294
-1510.0 -0.384774
-1509.0 -0.340677
-1508.0 -0.298632
-1507.0 -0.258408
-1506.0 -0.219865
-1505.0 -0.182772
-1504.0 -0.146819
-1503.0 -0.111594
-1502.0 -0.0770776
-1501.0 -0.0431469
-1500.0 -0.00941714
-1499.0 0.0244282
-1498.0 0.0585315
-1497.0 0.0929378
-1496.0 0.127954
-1495.0 0.163799
-1494.0 0.200821
-1493.0 0.239167
-1492.0 0.279028
-1491.0 0.320676
-1490.0 0.364379
-1489.0 0.410483
-1488.0 0.459227
-1487.0 0.510661
-1486.0 0.564794
-1485.0 0.621622
-1484.0 0.681066
-1483.0 0.742771
-1482.0 0.805885
-1481.0 0.869404
-1480.0 0.931975
-1479.0 0.991632
-1478.0 1.04676
-1477.0 1.09582
-1476.0 1.1375
-1475.0 1.17112
-1474.0 1.19695
-1473.0 1.21585
-1472.0 1.22896
-1471.0 1.23733
-1470.0 1.24183
-1469.0 1.24299
-1468.0 1.24094
-1467.0 1.23547
-1466.0 1.22596
-1465.0 1.2115
-1464.0 1.19095
-1463.0 1.1632
-1462.0 1.12758
-1461.0 1.08403
-1460.0 1.03313
-1459.0 0.976238
-1458.0 0.915212
-1457.0 0.851909
-1456.0 0.787971
-1455.0 0.725057
-1454.0 0.663917
-1453.0 0.605138
-1452.0 0.549015
-1451.0 0.496005
-1450.0 0.446331
-1449.0 0.399591
-1448.0 0.355191
-1447.0 0.313122
-1446.0 0.273235
-1445.0 0.235347
-1444.0 0.19918
-1443.0 0.164366
-1442.0 0.13052
-1441.0 0.097477
-1440.0 0.0650736
-1439.0 0.033157
-1438.0 0.0015549
-1437.0 -0.030081
-1436.0 -0.061917
-1435.0 -0.0940589
-1434.0 -0.126782
-1433.0 -0.160343
-1432.0 -0.195093
-1431.0 -0.231103
-1430.0 -0.268443
-1429.0 -0.307559
-1428.0 -0.348877
-1427.0 -0.392618
-1426.0 -0.438965
-1425.0 -0.48812
-1424.0 -0.540213
-1423.0 -0.595351
-1422.0 -0.653415
-1421.0 -0.714215
-1420.0 -0.777089
-1419.0 -0.841082
-1418.0 -0.904802
-1417.0 -0.966798
-1416.0 -1.02518
-1415.0 -1.07804
-1414.0 -1.12394
-1413.0 -1.16192
-1412.0 -1.19181
-1411.0 -1.21419
-1410.0 -1.23018
-1409.0 -1.24092
-1408.0 -1.24735
-1407.0 -1.25018
-1406.0 -1.24978
-1405.0 -1.24609
-1404.0 -1.23864
-1403.0 -1.22659
-1402.0 -1.20901
-1401.0 -1.18481
-1400.0 -1.153
-1399.0 -1.11321
-1398.0 -1.06556
-1397.0 -1.0112
-1396.0 -0.952031
-1395.0 -0.889865
-1394.0 -0.826411
-1393.0 -0.762937
-1392.0 -0.700572
-1391.0 -0.640214
-1390.0 -0.582424
-1389.0 -0.527407
-1388.0 -0.475217
-1387.0 -0.425828
-1386.0 -0.379088
-1385.0 -0.334714
-1384.0 -0.292371
-1383.0 -0.251939
-1382.0 -0.213194
-1381.0 -0.175834
-1380.0 -0.139597
-1379.0 -0.104318
-1378.0 -0.0697073
-1377.0 -0.0354859
-1376.0 -0.00153335
-1375.0 0.0324054
-1374.0 0.0665159
-1373.0 0.101015
-1372.0 0.136033
-1371.0 0.171898
-1370.0 0.208872
-1369.0 0.247218
-1368.0 0.287186
-1367.0 0.3289
-1366.0 0.372756
-1365.0 0.418976
-1364.0 0.467793
-1363.0 0.519522
-1362.0 0.574224
-1361.0 0.632116
-1360.0 0.693292
-1359.0 0.757364
-1358.0 0.82383
-1357.0 0.891935
-1356.0 0.960611
-1355.0 1.02838
-1354.0 1.09347
-1353.0 1.15391
-1352.0 1.20769
-1351.0 1.25336
-1350.0 1.29026
-1349.0 1.31878
-1348.0 1.33977
-1347.0 1.35436
-1346.0 1.36375
-1345.0 1.36889
-1344.0 1.37038
-1343.0 1.3684
-1342.0 1.36268
-1341.0 1.3526
-1340.0 1.33723
-1339.0 1.31532
-1338.0 1.2855
-1337.0 1.24699
-1336.0 1.19993
-1335.0 1.14509
-1334.0 1.0837
-1333.0 1.01737
-1332.0 0.948214
-1331.0 0.878458
-1330.0 0.809881
-1329.0 0.743122
-1328.0 0.678799
-1327.0 0.617158
-1326.0 0.558632
-1325.0 0.503364
-1324.0 0.451376
-1323.0 0.402216
-1322.0 0.355582
-1321.0 0.311117
-1320.0 0.268646
-1319.0 0.227996
-1318.0 0.188875
-1317.0 0.150924
-1316.0 0.113947
-1315.0 0.0777235
-1314.0 0.0418756
-1313.0 0.00618178
-1312.0 -0.0294475
-1311.0 -0.0652006
-1310.0 -0.101411
-1309.0 -0.138406
-1308.0 -0.176293
-1307.0 -0.215214
-1306.0 -0.255587
-1305.0 -0.297731
-1304.0 -0.341843
-1303.0 -0.38832
-1302.0 -0.437336
-1301.0 -0.489114
-1300.0 -0.543859
-1299.0 -0.601843
-1298.0 -0.663194
-1297.0 -0.727621
-1296.0 -0.794738
-1295.0 -0.863968
-1294.0 -0.934377
-1293.0 -1.00481
-1292.0 -1.0735
-1291.0 -1.13802
-1290.0 -1.19643
-1289.0 -1.24725
-1288.0 -1.28945
-1287.0 -1.32284
-1286.0 -1.34797
-1285.0 -1.36589
-1284.0 -1.37799
-1283.0 -1.38535
-1282.0 -1.38872
-1281.0 -1.38849
-1280.0 -1.38469
-1279.0 -1.37685
-1278.0 -1.3641
-1277.0 -1.34523
-1276.0 -1.31898
-1275.0 -1.28447
-1274.0 -1.24112
-1273.0 -1.18918
-1272.0 -1.12957
-1271.0 -1.06412
-1270.0 -0.995145
-1269.0 -0.924981
-1268.0 -0.855025
-1267.0 -0.785816
-1266.0 -0.718672
-1265.0 -0.654891
-1264.0 -0.594737
-1263.0 -0.537655
-1262.0 -0.483349
-1261.0 -0.431877
-1260.0 -0.38344
-1259.0 -0.33797
-1258.0 -0.294715
-1257.0 -0.25305
-1256.0 -0.212876
-1255.0 -0.174185
-1254.0 -0.136837
-1253.0 -0.10041
-1252.0 -0.0644054
-1251.0 -0.0286815
-1250.0 0.00685628
-1249.0 0.042259
-1248.0 0.0779003
-1247.0 0.114154
-1246.0 0.151381
-1245.0 0.189617
-1244.0 0.228922
-1243.0 0.269651
-1242.0 0.312322
-1241.0 0.357229
-1240.0 0.404384
-1239.0 0.454026
-1238.0 0.506534
-1237.0 0.56225
-1236.0 0.621134
-1235.0 0.683046
-1234.0 0.747892
-1233.0 0.815161
-1232.0 0.884029
-1231.0 0.953394
-1230.0 1.02176
-1229.0 1.08733
-1228.0 1.14797
-1227.0 1.20185
-1226.0 1.24767
-1225.0 1.28489
-1224.0 1.3135
-1223.0 1.3344
-1222.0 1.34895
-1221.0 1.35838
-1220.0 1.36359
-1219.0 1.36511
-1218.0 1.36314
-1217.0 1.35751
-1216.0 1.34758
-1215.0 1.33228
-1214.0 1.31037
-1213.0 1.28065
-1212.0 1.24264
-1211.0 1.19625
-1210.0 1.14184
-1209.0 1.08077
-1208.0 1.01511
-1207.0 0.947294
-1206.0 0.879118
-1205.0 0.81158
-1204.0 0.745493
-1203.0 0.681588
-1202.0 0.620855
-1201.0 0.563712
-1200.0 0.509877
-1199.0 0.458675
-1198.0 0.409931
-1197.0 0.363983
-1196.0 0.320657
-1195.0 0.279498
-1194.0 0.239955
-1193.0 0.201697
-1192.0 0.164788
-1191.0 0.129137
-1190.0 0.0944312
-1189.0 0.0601417
-1188.0 0.026055
-1187.0 -0.00782411
-1186.0 -0.0415835
-1185.0 -0.0755114
-1184.0 -0.110055
-1183.0 -0.145525
-1182.0 -0.181899
-1181.0 -0.219244
-1180.0 -0.257982
-1179.0 -0.298543
-1178.0 -0.341201
-1177.0 -0.386031
-1176.0 -0.433171
-1175.0 -0.482775
-1174.0 -0.535274
-1173.0 -0.590849
-1172.0 -0.649351
-1171.0 -0.710017
-1170.0 -0.772357
-1169.0 -0.835674
-1168.0 -0.899113
-1167.0 -0.961065
-1166.0 -1.0192
-1165.0 -1.0716
-1164.0 -1.11715
-1163.0 -1.15524
-1162.0 -1.18544
-1161.0 -1.20799
-1160.0 -1.22397
-1159.0 -1.23473
-1158.0 -1.24124
-1157.0 -1.24415
-1156.0 -1.24385
-1155.0 -1.24034
-1154.0 -1.2332
-1153.0 -1.22161
-1152.0 -1.20459
-1151.0 -1.18109
-1150.0 -1.15005
-1149.0 -1.11081
-1148.0 -1.0637
-1147.0 -1.00984
-1146.0 -0.950991
-1145.0 -0.888919
-1144.0 -0.825102
-1143.0 -0.761055
-1142.0 -0.69835
-1141.0 -0.638361
-1140.0 -0.581324
-1139.0 -0.526788
-1138.0 -0.474698
-1137.0 -0.425979
-1136.0 -0.38068
-1135.0 -0.337914
-1134.0 -0.296877
-1133.0 -0.257664
-1132.0 -0.22058
-1131.0 -0.185286
-1130.0 -0.151066
-1129.0 -0.117468
-1128.0 -0.0846929
-1127.0 -0.0527315
-1126.0 -0.0212639
-1125.0 0.0102445
-1124.0 0.0421285
-1123.0 0.0741717
-1122.0 0.106389
-1121.0 0.139112
-1120.0 0.173051
-1119.0 0.208472
-1118.0 0.24526
-1117.0 0.283226
-1116.0 0.322841
-1115.0 0.365045
-1114.0 0.410183
-1113.0 0.457991
-1112.0 0.508169
-1111.0 0.561041
-1110.0 0.617492
-1109.0 0.677457
-1108.0 0.739594
-1107.0 0.802603
-1106.0 0.865982
-1105.0 0.92922
-1104.0 0.990428
-1103.0 1.04681
-1102.0 1.09625
-1101.0 1.13805
-1100.0 1.1723
-1099.0 1.19898
-1098.0 1.2184
-1097.0 1.23173
-1096.0 1.24038
-1095.0 1.24522
-1094.0 1.24669
-1093.0 1.24493
-1092.0 1.23979
-1091.0 1.23066
-1090.0 1.21654
-1089.0 1.19622
-1088.0 1.16862
-1087.0 1.13335
-1086.0 1.09031
-1085.0 1.0398
-1084.0 0.982921
-1083.0 0.921817
-1082.0 0.858756
-1081.0 0.795156
-1080.0 0.731898
-1079.0 0.669942
-1078.0 0.610386
-1077.0 0.553894
-1076.0 0.500231
-1075.0 0.449132
-1074.0 0.400609
-1073.0 0.354745
-1072.0 0.311357
-1071.0 0.269993
-1070.0 0.230306
-1069.0 0.192132
-1068.0 0.155247
-1067.0 0.119458
-1066.0 0.0844998
-1065.0 0.0500692
-1064.0 0.0159838
-1063.0 -0.0179613
-1062.0 -0.0518301
-1061.0 -0.0860783
-1060.0 -0.120992
-1059.0 -0.156697
-1058.0 -0.193108
-1057.0 -0.230549
-1056.0 -0.269642
-1055.0 -0.310651
-1054.0 -0.353617
-1053.0 -0.398637
-1052.0 -0.446047
-1051.0 -0.496302
-1050.0 -0.549765
-1049.0 -0.606498
-1048.0 -0.666206
-1047.0 -0.728945
-1046.0 -0.794465
-1045.0 -0.862374
-1044.0 -0.931533
-1043.0 -1.00041
-1042.0 -1.06763
-1041.0 -1.13104
-1040.0 -1.18885
-1039.0 -1.23918
-1038.0 -1.28088
-1037.0 -1.31381
-1036.0 -1.33865
-1035.0 -1.35643
-1034.0 -1.36835
-1033.0 -1.37555
-1032.0 -1.37884
-1031.0 -1.37859
-1030.0 -1.37477
-1029.0 -1.36694
-1028.0 -1.35419
-1027.0 -1.33547
-1026.0 -1.3096
-1025.0 -1.27535
-1024.0 -1.23208
-1023.0 -1.18024
-1022.0 -1.12118
-1021.0 -1.0567
-1020.0 -0.988407
-1019.0 -0.918279
-1018.0 -0.848258
-1017.0 -0.779567
-1016.0 -0.713111
-1015.0 -0.649745
-1014.0 -0.589537
-1013.0 -0.532158
-1012.0 -0.477836
-1011.0 -0.426686
-1010.0 -0.378527
-1009.0 -0.332656
-1008.0 -0.288611
-1007.0 -0.246545
-1006.0 -0.20641
-1005.0 -0.167756
-1004.0 -0.12997
-1003.0 -0.0928481
-1002.0 -0.0564191
-1001.0 -0.0205484
-1000.0 0.0151133
-999.0 0.0509674
-998.0 0.0872469
-997.0 0.124123
-996.0 0.161664
-995.0 0.200103
-994.0 0.239758
-993.0 0.281212
-992.0 0.324745
-991.0 0.370102
-990.0 0.417496
-989.0 0.467693
-988.0 0.521444
-987.0 0.578505
-986.0 0.638072
-985.0 0.70045
-984.0 0.766113
-983.0 0.835206
-982.0 0.906099
-981.0 0.976992
-980.0 1.0464
-979.0 1.11328
-978.0 1.17596
-977.0 1.23181
-976.0 1.27888
-975.0 1.3167
-974.0 1.34597
-973.0 1.36768
-972.0 1.38279
-971.0 1.39242
-970.0 1.39767
-969.0 1.39923
-968.0 1.39725
-967.0 1.39146
-966.0 1.38124
-965.0 1.36568
-964.0 1.3435
-963.0 1.31315
-962.0 1.27394
-961.0 1.22589
-960.0 1.16984
-959.0 1.10723
-958.0 1.03944
-957.0 0.968669
-956.0 0.89736
-955.0 0.827357
-954.0 0.759337
-953.0 0.693435
-952.0 0.630308
-951.0 0.570819
-950.0 0.515061
-949.0 0.462368
-948.0 0.412259
-947.0 0.364731
-946.0 0.31972
-945.0 0.277055
-944.0 0.23634
-943.0 0.196977
-942.0 0.158582
-941.0 0.121255
-940.0 0.0849936
-939.0 0.0493839
-938.0 0.0138587
-937.0 -0.0218616
-936.0 -0.0577297
-935.0 -0.0936959
-934.0 -0.130138
-933.0 -0.16767
-932.0 -0.206595
-931.0 -0.246754
-930.0 -0.288244
-929.0 -0.331628
-928.0 -0.377526
-927.0 -0.425974
-926.0 -0.476988
-925.0 -0.530792
-924.0 -0.587541
-923.0 -0.647691
-922.0 -0.711137
-921.0 -0.776983
-920.0 -0.844492
-919.0 -0.912994
-918.0 -0.981961
-917.0 -1.04941
-916.0 -1.11255
-915.0 -1.16911
-914.0 -1.21859
-913.0 -1.26026
-912.0 -1.29305
-911.0 -1.31751
-910.0 -1.33492
-909.0 -1.34669
-908.0 -1.35391
-907.0 -1.35722
-906.0 -1.35703
-905.0 -1.35339
-904.0 -1.34586
-903.0 -1.33355
-902.0 -1.31529
-901.0 -1.29012
-900.0 -1.25714
-899.0 -1.21531
-898.0 -1.16457
-897.0 -1.10666
-896.0 -1.04386
-895.0 -0.97781
-894.0 -0.909582
-893.0 -0.840747
-892.0 -0.773547
-891.0 -0.709214
-890.0 -0.647806
-889.0 -0.588942
-888.0 -0.532971
-887.0 -0.480271
-886.0 -0.430879
-885.0 -0.384252
-884.0 -0.339942
-883.0 -0.297602
-882.0 -0.257211
-881.0 -0.218724
-880.0 -0.181908
-879.0 -0.146038
-878.0 -0.110654
-877.0 -0.0761369
-876.0 -0.0424433
-875.0 -0.00901291
-874.0 0.0246436
-873.0 0.0586307
-872.0 0.0927946
-871.0 0.12733
-870.0 0.162786
-869.0 0.199493
-868.0 0.237589
-867.0 0.27713
-866.0 0.318232
-865.0 0.361514
-864.0 0.407256
-863.0 0.455435
-862.0 0.506286
-861.0 0.559893
-860.0 0.616345
-859.0 0.675289
-858.0 0.736597
-857.0 0.799435
-856.0 0.862505
-855.0 0.924789
-854.0 0.984657
-853.0 1.04023
-852.0 1.08953
-851.0 1.13137
-850.0 1.16545
-849.0 1.19177
-848.0 1.21101
-847.0 1.22437
-846.0 1.23298
-845.0 1.23767
-844.0 1.23899
-843.0 1.23711
-842.0 1.23184
-841.0 1.22255
-840.0 1.20833
-839.0 1.18811
-838.0 1.16085
-837.0 1.12586
-836.0 1.08284
-835.0 1.03221
-834.0 0.975603
-833.0 0.915162
-832.0 0.852679
-831.0 0.78903
-830.0 0.725931
-829.0 0.66498
-828.0 0.60672
-827.0 0.550953
-826.0 0.497979
-825.0 0.448167
-824.0 0.40147
-823.0 0.357441
-822.0 0.315643
-821.0 0.275879
-820.0 0.238039
-819.0 0.201955
-818.0 0.167245
-817.0 0.13353
-816.0 0.100612
-815.0 0.0683302
-814.0 0.0366574
-813.0 0.00534336
-812.0 -0.0261323
-811.0 -0.05806
-810.0 -0.0901868
-809.0 -0.122492
-808.0 -0.155585
-807.0 -0.190204
-806.0 -0.226265
-805.0 -0.263393
-804.0 -0.302006
-803.0 -0.342791
-802.0 -0.386241
-801.0 -0.432305
-800.0 -0.481049
-799.0 -0.532448
-798.0 -0.586821
-797.0 -0.644405
-796.0 -0.70488
-795.0 -0.767428
-794.0 -0.830831
-793.0 -0.894012
-792.0 -0.955933
-791.0 -1.0148
-790.0 -1.06824
-789.0 -1.11453
-788.0 -1.15319
-787.0 -1.18407
-786.0 -1.20736
-785.0 -1.22396
-784.0 -1.23519
-783.0 -1.24209
-782.0 -1.24531
-781.0 -1.24521
-780.0 -1.24181
-779.0 -1.23472
-778.0 -1.22313
-777.0 -1.20597
-776.0 -1.18212
-775.0 -1.15078
-774.0 -1.11162
-773.0 -1.06476
-772.0 -1.01093
-771.0 -0.952139
-770.0 -0.890737
-769.0 -0.827933
-768.0 -0.764476
-767.0 -0.702112
-766.0 -0.642522
-765.0 -0.585578
-764.0 -0.530696
-763.0 -0.478105
-762.0 -0.428755
-761.0 -0.382593
-760.0 -0.338596
-759.0 -0.296063
-758.0 -0.255463
-757.0 -0.216938
-756.0 -0.180023
-755.0 -0.144029
-754.0 -0.108569
-753.0 -0.0737492
-752.0 -0.0397494
-751.0 -0.00628166
-750.0 0.0273356
-749.0 0.0615984
-748.0 0.0963236
-747.0 0.131231
-746.0 0.166662
-745.0 0.203498
-744.0 0.242184
-743.0 0.282389
-742.0 0.323926
-741.0 0.367389
-740.0 0.413771
-739.0 0.463223
-738.0 0.515236
-737.0 0.569951
-736.0 0.628118
-735.0 0.689822
-734.0 0.754522
-733.0 0.821793
-732.0 0.890671
-731.0 0.959852
-730.0 1.02811
-729.0 1.09388
-728.0 1.15498
-727.0 1.20912
-726.0 1.25479
-725.0 1.29177
-724.0 1.32048
-723.0 1.34163
-722.0 1.35627
-721.0 1.36566
-720.0 1.37084
-719.0 1.37238
-718.0 1.37047
-717.0 1.36486
-716.0 1.35491
-715.0 1.33969
-714.0 1.318
-713.0 1.28846
-712.0 1.25007
-711.0 1.20307
-710.0 1.14833
-709.0 1.08694
-708.0 1.02035
-707.0 0.950688
-706.0 0.880827
-705.0 0.812091
-704.0 0.744341
-703.0 0.678795
-702.0 0.616553
-701.0 0.557891
-700.0 0.502538
-699.0 0.449943
-698.0 0.399887
-697.0 0.352441
-696.0 0.307787
-695.0 0.26544
-694.0 0.224556
-693.0 0.184667
-692.0 0.146115
-691.0 0.109151
-690.0 0.0730195
-689.0 0.0368697
-688.0 0.000652434
-687.0 -0.0352453
-686.0 -0.0709487
-685.0 -0.106996
-684.0 -0.144028
-683.0 -0.182441
-682.0 -0.221789
-681.0 -0.262028
-680.0 -0.3037
-679.0 -0.34776
-678.0 -0.394753
-677.0 -0.444022
-676.0 -0.495337
-675.0 -0.549258
-674.0 -0.606808
-673.0 -0.668507
-672.0 -0.733136
-671.0 -0.799423
-670.0 -0.867156
-669.0 -0.936734
-668.0 -1.00692
-667.0 -1.07469
-666.0 -1.13763
-665.0 -1.1943
-664.0 -1.24371
-663.0 -1.28499
-662.0 -1.31753
-661.0 -1.34173
-660.0 -1.35885
-659.0 -1.37039
-658.0 -1.37748
-657.0 -1.38067
-656.0 -1.38032
-655.0 -1.37652
-654.0 -1.3688
-653.0 -1.35613
-652.0 -1.33741
-651.0 -1.3117
-650.0 -1.27828
-649.0 -1.23635
-648.0 -1.18558
-647.0 -1.12734
-646.0 -1.06374
-645.0 -0.996964
-644.0 -0.928543
-643.0 -0.85954
-642.0 -0.791125
-641.0 -0.724985
-640.0 -0.662266
-639.0 -0.602601
-638.0 -0.545326
-637.0 -0.490758
-636.0 -0.439563
-635.0 -0.391503
-634.0 -0.345285
-633.0 -0.300534
-632.0 -0.257781
-631.0 -0.217049
-630.0 -0.177833
-629.0 -0.139405
-628.0 -0.10158
-627.0 -0.0646083
-626.0 -0.0282642
-625.0 0.00774399
-624.0 0.0439061
-623.0 0.0805835
-622.0 0.117769
-621.0 0.1553
-620.0 0.193528
-619.0 0.233125
-618.0 0.274701
-617.0 0.317884
-616.0 0.362553
-615.0 0.409475
-614.0 0.459236
-613.0 0.512018
-612.0 0.567593
-611.0 0.625866
-610.0 0.687218
-609.0 0.751617
-608.0 0.818476
-607.0 0.886644
-606.0 0.954912
-605.0 1.0222
-604.0 1.08673
-603.0 1.14639
-602.0 1.19935
-601.0 1.24404
-600.0 1.28009
-599.0 1.30797
-598.0 1.32853
-597.0 1.34272
-596.0 1.35172
-595.0 1.35657
-594.0 1.35785
-593.0 1.35563
-592.0 1.34965
-591.0 1.3393
-590.0 1.32359
-589.0 1.30141
-588.0 1.27146
-587.0 1.23275
-586.0 1.18545
-585.0 1.13083
-584.0 1.07034
-583.0 1.00524
-582.0 0.937202
-581.0 0.868558
-580.0 0.801192
-579.0 0.736023
-578.0 0.673032
-577.0 0.612731
-576.0 0.555542
-575.0 0.501809
-574.0 0.451181
-573.0 0.403159
-572.0 0.357581
-571.0 0.314244
-570.0 0.272941
-569.0 0.233618
-568.0 0.195856
-567.0 0.159066
-566.0 0.123172
-565.0 0.0882582
-564.0 0.0542026
-563.0 0.0203816
-562.0 -0.0136763
-561.0 -0.0477603
-560.0 -0.0819237
-559.0 -0.116451
-558.0 -0.151747
-557.0 -0.188211
-556.0 -0.225873
-555.0 -0.264869
-554.0 -0.305247
-553.0 -0.347659
-552.0 -0.392522
-551.0 -0.439863
-550.0 -0.489772
-549.0 -0.542058
-548.0 -0.596992
-547.0 -0.655033
-546.0 -0.715618
-545.0 -0.777683
-544.0 -0.840459
-543.0 -0.903094
-542.0 -0.964041
-541.0 -1.02143
-540.0 -1.07327
-539.0 -1.11812
-538.0 -1.15526
-537.0 -1.18458
-536.0 -1.20665
-535.0 -1.22236
-534.0 -1.23282
-533.0 -1.23905
-532.0 -1.24174
-531.0 -1.24122
-530.0 -1.23744
-529.0 -1.22998
-528.0 -1.21803
-527.0 -1.20053
-526.0 -1.17638
-525.0 -1.14477
-524.0 -1.10524
-523.0 -1.05792
-522.0 -1.00383
-521.0 -0.944678
-520.0 -0.882403
-519.0 -0.818886
-518.0 -0.755586
-517.0 -0.693448
-516.0 -0.63352
-515.0 -0.576316
-514.0 -0.522155
-513.0 -0.471129
-512.0 -0.422961
-511.0 -0.377421
-510.0 -0.334405
-509.0 -0.293771
-508.0 -0.25519
-507.0 -0.218257
-506.0 -0.182771
-505.0 -0.148583
-504.0 -0.115252
-503.0 -0.0825719
-502.0 -0.0504785
-501.0 -0.0188893
-500.0 0.0126401
-499.0 0.0443304
-498.0 0.0763699
-497.0 0.108826
-496.0 0.141956
-495.0 0.175985
-494.0 0.211119
-493.0 0.247667
-492.0 0.286016
-491.0 0.326451
-490.0 0.368881
-489.0 0.413528
-488.0 0.461048
-487.0 0.511743
-486.0 0.565359
-485.0 0.621764
-484.0 0.681041
-483.0 0.742778
-482.0 0.805937
-481.0 0.869499
-480.0 0.932388
-479.0 0.992617
-478.0 1.04798
-477.0 1.09692
-476.0 1.13859
-475.0 1.17232
-474.0 1.19818
-473.0 1.21708
-472.0 1.23023
-471.0 1.23869
-470.0 1.24327
-469.0 1.24448
-468.0 1.24247
-467.0 1.23698
-466.0 1.22738
-465.0 1.21277
-464.0 1.19194
-463.0 1.16388
-462.0 1.12793
-461.0 1.0842
-460.0 1.03323
-459.0 0.976251
-458.0 0.915265
-457.0 0.852124
-456.0 0.788285
-455.0 0.725155
-454.0 0.663943
-453.0 0.605069
-452.0 0.54847
-451.0 0.494596
-450.0 0.443867
-449.0 0.396022
-448.0 0.350554
-447.0 0.307102
-446.0 0.26574
-445.0 0.226285
-444.0 0.18843
-443.0 0.151858
-442.0 0.116168
-441.0 0.0812871
-440.0 0.0469716
-439.0 0.0130769
-438.0 -0.0207054
-437.0 -0.0545682
-436.0 -0.0888101
-435.0 -0.123583
-434.0 -0.158915
-433.0 -0.195215
-432.0 -0.232874
-431.0 -0.272035
-430.0 -0.312824
-429.0 -0.355484
-428.0 -0.400376
-427.0 -0.447953
-426.0 -0.498252
-425.0 -0.551388
-424.0 -0.607423
-423.0 -0.666694
-422.0 -0.729089
-421.0 -0.79399
-420.0 -0.860943
-419.0 -0.928828
-418.0 -0.99665
-417.0 -1.06274
-416.0 -1.12486
-415.0 -1.18082
-414.0 -1.22943
-413.0 -1.2701
-412.0 -1.30221
-411.0 -1.32614
-410.0 -1.34321
-409.0 -1.35477
-408.0 -1.36172
-407.0 -1.36474
-406.0 -1.36427
-405.0 -1.36025
-404.0 -1.35216
-403.0 -1.33915
-402.0 -1.32014
-401.0 -1.29394
-400.0 -1.25959
-399.0 -1.2164
-398.0 -1.16441
-397.0 -1.10508
-396.0 -1.0407
-395.0 -0.973213
-394.0 -0.90381
-393.0 -0.833889
-392.0 -0.765202
-391.0 -0.699386
-390.0 -0.636842
-389.0 -0.576989
-388.0 -0.519709
-387.0 -0.465759
-386.0 -0.415186
-385.0 -0.367312
-384.0 -0.321728
-383.0 -0.278203
-382.0 -0.236565
-381.0 -0.196594
-380.0 -0.157999
-379.0 -0.120538
-378.0 -0.08373
-377.0 -0.0473987
-376.0 -0.0115675
-375.0 0.023932
-374.0 0.0596305
-373.0 0.0958225
-372.0 0.132645
-371.0 0.170045
-370.0 0.20842
-369.0 0.248108
-368.0 0.289446
-367.0 0.332676
-366.0 0.377969
-365.0 0.425494
-364.0 0.475547
-363.0 0.52848
-362.0 0.584697
-361.0 0.644369
-360.0 0.706942
-359.0 0.771959
-358.0 0.83967
-357.0 0.909489
-356.0 0.979675
-355.0 1.04832
-354.0 1.11385
-353.0 1.17482
-352.0 1.22899
-351.0 1.27462
-350.0 1.31133
-349.0 1.33966
-348.0 1.3605
-347.0 1.3749
-346.0 1.38411
-345.0 1.38907
-344.0 1.39037
-343.0 1.38817
-342.0 1.38214
-341.0 1.3717
-340.0 1.35593
-339.0 1.3335
-338.0 1.30294
-337.0 1.26346
-336.0 1.21563
-335.0 1.16043
-334.0 1.09825
-333.0 1.03064
-332.0 0.960764
-331.0 0.891017
-330.0 0.822199
-329.0 0.754584
-328.0 0.689002
-327.0 0.626819
-326.0 0.568513
-325.0 0.513407
-324.0 0.461024
-323.0 0.411121
-322.0 0.364007
-321.0 0.319574
-320.0 0.27743
-319.0 0.236787
-318.0 0.197261
-317.0 0.158937
-316.0 0.122049
-315.0 0.0860663
-314.0 0.0502143
-313.0 0.0142217
-312.0 -0.0215687
-311.0 -0.0570615
-310.0 -0.0929367
-309.0 -0.12997
-308.0 -0.168343
-307.0 -0.207583
-306.0 -0.247757
-305.0 -0.289519
-304.0 -0.333727
-303.0 -0.380717
-302.0 -0.430036
-301.0 -0.48159
-300.0 -0.535842
-299.0 -0.593607
-298.0 -0.655342
-297.0 -0.720094
-296.0 -0.786607
-295.0 -0.854702
-294.0 -0.924352
-293.0 -0.994854
-292.0 -1.06259
-291.0 -1.12552
-290.0 -1.18233
-289.0 -1.23215
-288.0 -1.2737
-287.0 -1.30623
-286.0 -1.33038
-285.0 -1.34755
-284.0 -1.35919
-283.0 -1.36626
-282.0 -1.36936
-281.0 -1.36894
-280.0 -1.36504
-279.0 -1.35709
-278.0 -1.34406
-277.0 -1.32513
-276.0 -1.29947
-275.0 -1.26569
-274.0 -1.22255
-273.0 -1.1707
-272.0 -1.1124
-271.0 -1.04937
-270.0 -0.982735
-269.0 -0.913553
-268.0 -0.844253
-267.0 -0.777207
-266.0 -0.712925
-265.0 -0.651426
-264.0 -0.592283
-263.0 -0.535856
-262.0 -0.483264
-261.0 -0.434312
-260.0 -0.387897
-259.0 -0.343018
-258.0 -0.300287
-257.0 -0.260232
-256.0 -0.222289
-255.0 -0.185203
-254.0 -0.148633
-253.0 -0.113241
-252.0 -0.0790225
-251.0 -0.0454139
-250.0 -0.0117169
-249.0 0.0223981
-248.0 0.0565552
-247.0 0.0906933
-246.0 0.125312
-245.0 0.160957
-244.0 0.198031
-243.0 0.23661
-242.0 0.276554
-241.0 0.317806
-240.0 0.361138
-239.0 0.407419
-238.0 0.456804
-237.0 0.508378
-236.0 0.562027
-235.0 0.618674
-234.0 0.67894
-233.0 0.741389
-232.0 0.804434
-231.0 0.867429
-230.0 0.929834
-229.0 0.990079
-228.0 1.04565
-227.0 1.09449
-226.0 1.13567
-225.0 1.16908
-224.0 1.19497
-223.0 1.21389
-222.0 1.22691
-221.0 1.23514
-220.0 1.23954
-219.0 1.24063
-218.0 1.23847
-217.0 1.23288
-216.0 1.22332
-215.0 1.20878
-214.0 1.18804
-213.0 1.16009
-212.0 1.12444
-211.0 1.08098
-210.0 1.03031
-209.0 0.973587
-208.0 0.912619
-207.0 0.849593
-206.0 0.786236
-205.0 0.723669
-204.0 0.662826
-203.0 0.604349
-202.0 0.54873
-201.0 0.496328
-200.0 0.446884
-199.0 0.400143
-198.0 0.356146
-197.0 0.31455
-196.0 0.275001
-195.0 0.23716
-194.0 0.200995
-193.0 0.166361
-192.0 0.132754
-191.0 0.0997207
-190.0 0.0673717
-189.0 0.0356479
-188.0 0.00419668
-187.0 -0.0273665
-186.0 -0.0592566
-185.0 -0.0915941
-184.0 -0.124354
-183.0 -0.157797
-182.0 -0.192314
-181.0 -0.228318
-180.0 -0.265935
-179.0 -0.305237
-178.0 -0.346483
-177.0 -0.390027
-176.0 -0.436347
-175.0 -0.485797
-174.0 -0.53802
-173.0 -0.592787
-172.0 -0.650549
-171.0 -0.711392
-170.0 -0.77441
-169.0 -0.837876
-168.0 -0.900847
-167.0 -0.962386
-166.0 -1.02033
-165.0 -1.07264
-164.0 -1.11783
-163.0 -1.15514
-162.0 -1.18449
-161.0 -1.20656
-160.0 -1.22236
-159.0 -1.23291
-158.0 -1.23923
-157.0 -1.24203
-156.0 -1.24165
-155.0 -1.23801
-154.0 -1.23069
-153.0 -1.21891
-152.0 -1.20165
-151.0 -1.17779
-150.0 -1.1464
-149.0 -1.10711
-148.0 -1.0601
-147.0 -1.00636
-146.0 -0.947756
-145.0 -0.886219
-144.0 -0.823058
-143.0 -0.759439
-142.0 -0.697142
-141.0 -0.637175
-140.0 -0.579939
-139.0 -0.525215
-138.0 -0.472917
-137.0 -0.423445
-136.0 -0.37685
-135.0 -0.332779
-134.0 -0.290887
-133.0 -0.250498
-132.0 -0.211753
-131.0 -0.174635
-130.0 -0.138882
-129.0 -0.103842
-128.0 -0.0691856
-127.0 -0.0350915
-126.0 -0.00143337
-125.0 0.0320516
-124.0 0.0659076
-123.0 0.10041
-122.0 0.135445
-121.0 0.171111
-120.0 0.207735
-119.0 0.245924
-118.0 0.285898
-117.0 0.327705
-116.0 0.371332
-115.0 0.41713
-114.0 0.465736
-113.0 0.517702
-112.0 0.572782
-111.0 0.630463
-110.0 0.690748
-109.0 0.75417
-108.0 0.820533
-107.0 0.888774
-106.0 0.956854
-105.0 1.02339
-104.0 1.08741
-103.0 1.14698
-102.0 1.19977
-101.0 1.24433
-100.0 1.28031
-99.0 1.30805
-98.0 1.32844
-97.0 1.34259
-96.0 1.35161
-95.0 1.35641
-94.0 1.35759
-93.0 1.35528
-92.0 1.34917
-91.0 1.33865
-90.0 1.32279
-89.0 1.3003
-88.0 1.26991
-87.0 1.23102
-86.0 1.18395
-85.0 1.12923
-84.0 1.06803
-83.0 1.00219
-82.0 0.934334
-81.0 0.866077
-80.0 0.798503
-79.0 0.732298
-78.0 0.66855
-77.0 0.607843
-76.0 0.550438
-75.0 0.495989
-74.0 0.444195
-73.0 0.394829
-72.0 0.347993
-71.0 0.303798
-70.0 0.261649
-69.0 0.220801
-68.0 0.180888
-67.0 0.14224
-66.0 0.10493
-65.0 0.0683734
-64.0 0.031657
-63.0 -0.0052796
-62.0 -0.0420701
-61.0 -0.0786814
-60.0 -0.115775
-59.0 -0.154067
-58.0 -0.193701
-57.0 -0.234223
-56.0 -0.275686
-55.0 -0.318623
-54.0 -0.363676
-53.0 -0.411136
-52.0 -0.460688
-51.0 -0.512093
-50.0 -0.565941
-49.0 -0.623221
-48.0 -0.68426
-47.0 -0.747879
-46.0 -0.812913
-45.0 -0.879379
-44.0 -0.947224
-43.0 -1.01478
-42.0 -1.07939
-41.0 -1.1391
-40.0 -1.19264
-39.0 -1.23909
-38.0 -1.27769
-37.0 -1.30786
-36.0 -1.33026
-35.0 -1.34624
-34.0 -1.35701
-33.0 -1.36345
-32.0 -1.36621
-31.0 -1.36566
-30.0 -1.36176
-29.0 -1.35395
-28.0 -1.34132
-27.0 -1.32298
-26.0 -1.29792
-25.0 -1.26473
-24.0 -1.22239
-23.0 -1.17175
-22.0 -1.11453
-21.0 -1.05217
-20.0 -0.986029
-19.0 -0.91771
-18.0 -0.849183
-17.0 -0.782291
-16.0 -0.717987
-15.0 -0.656322
-14.0 -0.596986
-13.0 -0.540201
-12.0 -0.486934
-11.0 -0.437047
-10.0 -0.389603
-9.0 -0.344039
-8.0 -0.300236
-7.0 -0.258685
-6.0 -0.219289
-5.0 -0.181149
-4.0 -0.143572
-3.0 -0.10659
-2.0 -0.0706883
-1.0 -0.0355937
0.0 -0.000556909
1.0 0.035116
2.0 0.0710709
3.0 0.106918
4.0 0.143126
5.0 0.180661
6.0 0.219919
7.0 0.26051
8.0 0.30224
9.0 0.345581
10.0 0.39165
11.0 0.440867
12.0 0.492473
13.0 0.546206
14.0 0.603032
15.0 0.663796
16.0 0.727851
17.0 0.793912
18.0 0.861135
19.0 0.929797
20.0 0.998814
21.0 1.0657
22.0 1.12783
23.0 1.18375
24.0 1.23265
25.0 1.27341
26.0 1.30532
27.0 1.32906
28.0 1.34602
29.0 1.35744
30.0 1.36429
31.0 1.36723
32.0 1.36666
33.0 1.36251
34.0 1.35423
35.0 1.34095
36.0 1.32167
37.0 1.29529
38.0 1.2605
39.0 1.21686
40.0 1.1652
41.0 1.10665
42.0 1.04273
43.0 0.975458
44.0 0.906975
45.0 0.838825
46.0 0.772019
47.0 0.707253
48.0 0.64546
49.0 0.587073
50.0 0.531621
51.0 0.479205
52.0 0.429827
53.0 0.383284
54.0 0.339034
55.0 0.296858
56.0 0.256747
57.0 0.218313
58.0 0.181089
59.0 0.144929
60.0 0.109771
61.0 0.0753895
62.0 0.0414658
63.0 0.00754034
64.0 -0.0264934
65.0 -0.0605316
66.0 -0.0947675
67.0 -0.129823
68.0 -0.165902
69.0 -0.203089
70.0 -0.241516
71.0 -0.281373
72.0 -0.323332
73.0 -0.367506
74.0 -0.413948
75.0 -0.462805
76.0 -0.514546
77.0 -0.569398
78.0 -0.627042
79.0 -0.687047
80.0 -0.749137
81.0 -0.81259
82.0 -0.87638
83.0 -0.939003
84.0 -0.998539
85.0 -1.05321
86.0 -1.10143
87.0 -1.14229
88.0 -1.17508
89.0 -1.20002
90.0 -1.21823
91.0 -1.23079
92.0 -1.23875
93.0 -1.2429
94.0 -1.24378
95.0 -1.24152
96.0 -1.2358
97.0 -1.22605
98.0 -1.21133
99.0 -1.19051
100.0 -1.16249
101.0 -1.12645
102.0 -1.0825
103.0 -1.03131
104.0 -0.974199
105.0 -0.913167
106.0 -0.849881
107.0 -0.78591
108.0 -0.722775
109.0 -0.66153
110.0 -0.602948
111.0 -0.547361
112.0 -0.494722
113.0 -0.444908
114.0 -0.397979
115.0 -0.353898
116.0 -0.312279
117.0 -0.272721
118.0 -0.234851
119.0 -0.198605
120.0 -0.163863
121.0 -0.130267
122.0 -0.0972572
123.0 -0.0647772
124.0 -0.032929
125.0 -0.00150476
126.0 0.0299238
127.0 0.0618894
128.0 0.0943109
129.0 0.127146
130.0 0.160608
131.0 0.195146
132.0 0.231168
133.0 0.268889
134.0 0.308244
135.0 0.349403
136.0 0.392955
137.0 0.439369
138.0 0.488781
139.0 0.540908
140.0 0.595699
141.0 0.653181
142.0 0.713804
143.0 0.776711
144.0 0.840171
145.0 0.902586
146.0 0.963157
147.0 1.02096
148.0 1.07336
149.0 1.11809
150.0 1.15469
151.0 1.1839
152.0 1.20602
153.0 1.22166
154.0 1.232
155.0 1.23819
156.0 1.24089
157.0 1.2403
158.0 1.23637
159.0 1.2287
160.0 1.21649
161.0 1.19844
162.0 1.17345
163.0 1.14114
164.0 1.10135
165.0 1.05387
166.0 0.99917
167.0 0.939656
168.0 0.878101
169.0 0.815769
170.0 0.75303
171.0 0.690736
172.0 0.630548
173.0 0.573762
174.0 0.52007
175.0 0.468668
176.0 0.419239
177.0 0.372561
178.0 0.328706
179.0 0.287321
180.0 0.247477
181.0 0.208751
182.0 0.171373
183.0 0.135509
184.0 0.100872
185.0 0.0666818
186.0 0.0323997
187.0 -0.00170498
188.0 -0.0353297
189.0 -0.0688795
190.0 -0.103186
191.0 -0.138545
192.0 -0.174686
193.0 -0.21165
194.0 -0.249682
195.0 -0.289386
196.0 -0.331367
197.0 -0.375824
198.0 -0.422359
199.0 -0.470977
200.0 -0.522445
201.0 -0.577635
202.0 -0.636457
203.0 -0.698045
204.0 -0.761753
205.0 -0.827743
206.0 -0.895991
207.0 -0.965241
208.0 -1.03266
209.0 -1.0964
210.0 -1.15533
211.0 -1.20786
212.0 -1.25236
213.0 -1.28795
214.0 -1.31508
215.0 -1.33496
216.0 -1.34873
217.0 -1.3575
218.0 -1.36213
219.0 -1.36319
220.0 -1.36085
221.0 -1.35475
222.0 -1.34414
223.0 -1.32817
224.0 -1.30585
225.0 -1.27566
226.0 -1.23643
227.0 -1.18829
228.0 -1.13297
229.0 -1.07166
230.0 -1.00546
231.0 -0.935994
232.0 -0.866114
233.0 -0.797759
234.0 -0.731346
235.0 -0.667094
236.0 -0.605483
237.0 -0.546987
238.0 -0.491931
239.0 -0.440113
240.0 -0.390923
241.0 -0.343927
242.0 -0.299127
243.0 -0.256552
244.0 -0.215771
245.0 -0.176363
246.0 -0.137927
247.0 -0.10034
248.0 -0.0635188
249.0 -0.0272016
250.0 0.00889359
251.0 0.0452242
252.0 0.0819708
253.0 0.119078
254.0 0.156671
255.0 0.195094
256.0 0.235042
257.0 0.276545
258.0 0.319407
259.0 0.363791
260.0 0.410232
261.0 0.459406
262.0 0.511381
263.0 0.565926
264.0 0.623125
265.0 0.683302
266.0 0.746623
267.0 0.812624
268.0 0.880353
269.0 0.9485
270.0 1.01591
271.0 1.08124
272.0 1.14262
273.0 1.19789
274.0 1.2453
275.0 1.28424
276.0 1.31501
277.0 1.33811
278.0 1.35456
279.0 1.36543
280.0 1.37187
281.0 1.37462
282.0 1.37398
283.0 1.36984
284.0 1.36179
285.0 1.349
286.0 1.33022
287.0 1.30427
288.0 1.2703
289.0 1.22794
290.0 1.1774
291.0 1.11949
292.0 1.0559
293.0 0.988887
294.0 0.920448
295.0 0.852043
296.0 0.78447
297.0 0.718677
298.0 0.655906
299.0 0.596572
300.0 0.540119
301.0 0.486368
302.0 0.435262
303.0 0.387002
304.0 0.341245
305.0 0.297318
306.0 0.254993
307.0 0.214302
308.0 0.175098
309.0 0.13707
310.0 0.0998553
311.0 0.0631303
312.0 0.0268015
313.0 -0.00910597
314.0 -0.0448619
315.0 -0.0809496
316.0 -0.117673
317.0 -0.155128
318.0 -0.193415
319.0 -0.232791
320.0 -0.273695
321.0 -0.316482
322.0 -0.361333
323.0 -0.408457
324.0 -0.457976
325.0 -0.510204
326.0 -0.565576
327.0 -0.624224
328.0 -0.6859
329.0 -0.7501
330.0 -0.816291
331.0 -0.884145
332.0 -0.952812
333.0 -1.02024
334.0 -1.0843
335.0 -1.14326
336.0 -1.19557
337.0 -1.23988
338.0 -1.27561
339.0 -1.30305
340.0 -1.32312
341.0 -1.33697
342.0 -1.3458
343.0 -1.35052
344.0 -1.35164
345.0 -1.34931
346.0 -1.34326
347.0 -1.33279
348.0 -1.31686
349.0 -1.29434
350.0 -1.26418
351.0 -1.22559
352.0 -1.17841
353.0 -1.12349
354.0 -1.0627
355.0 -0.997748
356.0 -0.930519
357.0 -0.862324
358.0 -0.795245
359.0 -0.730476
360.0 -0.668144
361.0 -0.608409
362.0 -0.551691
363.0 -0.49826
364.0 -0.447984
365.0 -0.400458
366.0 -0.355355
367.0 -0.312333
368.0 -0.271368
369.0 -0.232452
370.0 -0.195018
371.0 -0.158597
372.0 -0.12307
373.0 -0.0884065
374.0 -0.0545299
375.0 -0.0210322
376.0 0.0126897
377.0 0.0465327
378.0 0.0804595
379.0 0.114772
380.0 0.149931
381.0 0.186335
382.0 0.223917
383.0 0.262719
384.0 0.303237
385.0 0.34582
386.0 0.390755
387.0 0.438106
388.0 0.487863
389.0 0.540494
390.0 0.596145
391.0 0.654444
392.0 0.715024
393.0 0.777342
394.0 0.840505
395.0 0.903345
396.0 0.964321
397.0 1.02152
398.0 1.07322
399.0 1.1181
400.0 1.15508
401.0 1.18411
402.0 1.20591
403.0 1.22149
404.0 1.23184
405.0 1.23794
406.0 1.24053
407.0 1.2399
408.0 1.23595
409.0 1.22828
410.0 1.21612
411.0 1.19835
412.0 1.17382
413.0 1.1416
414.0 1.10138
415.0 1.05384
416.0 0.99976
417.0 0.940353
418.0 0.877746
419.0 0.814222
420.0 0.751281
421.0 0.689648
422.0 0.62982
423.0 0.572617
424.0 0.518822
425.0 0.46819
426.0 0.420264
427.0 0.374645
428.0 0.331699
429.0 0.291493
430.0 0.25327
431.0 0.21629
432.0 0.180581
433.0 0.146344
434.0 0.11325
435.0 0.0809095
436.0 0.0487725
437.0 0.0168095
438.0 -0.0149085
439.0 -0.046387
440.0 -0.0782103
441.0 -0.110958
442.0 -0.144581
443.0 -0.178763
444.0 -0.21383
445.0 -0.250648
446.0 -0.289555
447.0 -0.330344
448.0 -0.372908
449.0 -0.417721
450.0 -0.465796
451.0 -0.517447
452.0 -0.571658
453.0 -0.628131
454.0 -0.687481
455.0 -0.749959
456.0 -0.814296
457.0 -0.878278
458.0 -0.940636
459.0 -1.00037
460.0 -1.056
461.0 -1.10498
462.0 -1.14594
463.0 -1.17874
464.0 -1.20401
465.0 -1.22259
466.0 -1.23536
467.0 -1.24343
468.0 -1.24773
469.0 -1.24875
470.0 -1.24657
471.0 -1.24089
472.0 -1.2312
473.0 -1.21651
474.0 -1.19551
475.0 -1.16711
476.0 -1.13089
477.0 -1.08688
478.0 -1.03565
479.0 -0.97849
480.0 -0.917187
481.0 -0.853583
482.0 -0.789654
483.0 -0.726607
484.0 -0.665195
485.0 -0.605945
486.0 -0.549416
487.0 -0.495858
488.0 -0.445259
489.0 -0.397418
490.0 -0.35186
491.0 -0.308552
492.0 -0.267473
493.0 -0.228333
494.0 -0.190586
495.0 -0.15389
496.0 -0.118271
497.0 -0.0835156
498.0 -0.0493271
499.0 -0.0154573
500.0 0.0184776
501.0 0.0525296
502.0 0.0867131
503.0 0.121381
504.0 0.15697
505.0 0.193747
506.0 0.231752
507.0 0.271044
508.0 0.31195
509.0 0.355187
510.0 0.400824
511.0 0.448884
512.0 0.499532
513.0 0.55329
514.0 0.610425
515.0 0.670911
516.0 0.734257
517.0 0.800172
518.0 0.868147
519.0 0.937304
520.0 1.00607
521.0 1.0727
522.0 1.13543
523.0 1.1922
524.0 1.24127
525.0 1.28174
526.0 1.31356
527.0 1.33741
528.0 1.35443
529.0 1.36576
530.0 1.37247
531.0 1.37532
532.0 1.37465
533.0 1.37033
534.0 1.3619
535.0 1.34858
536.0 1.32908
537.0 1.30203
538.0 1.26654
539.0 1.22254
540.0 1.17037
541.0 1.11053
542.0 1.04509
543.0 0.976807
544.0 0.907397
545.0 0.837782
546.0 0.769319
547.0 0.703154
548.0 0.640029
549.0 0.580267
550.0 0.523633
551.0 0.469922
552.0 0.418869
553.0 0.370442
554.0 0.324842
555.0 0.281434
556.0 0.23951
557.0 0.198911
558.0 0.159782
559.0 0.121846
560.0 0.0846416
561.0 0.0477593
562.0 0.0109085
563.0 -0.0256762
564.0 -0.0622631
565.0 -0.0993221
566.0 -0.137161
567.0 -0.176032
568.0 -0.215979
569.0 -0.256865
570.0 -0.299137
571.0 -0.343331
572.0 -0.38975
573.0 -0.438377
574.0 -0.489129
575.0 -0.542307
576.0 -0.598663
577.0 -0.65844
578.0 -0.721044
579.0 -0.785974
580.0 -0.852745
581.0 -0.921141
582.0 -0.989872
583.0 -1.057
584.0 -1.12054
585.0 -1.1786
586.0 -1.22997
587.0 -1.27359
588.0 -1.30883
589.0 -1.33561
590.0 -1.35502
591.0 -1.3685
592.0 -1.37716
593.0 -1.38174
594.0 -1.38276
595.0 -1.38043
596.0 -1.37445
597.0 -1.36407
598.0 -1.3483
599.0 -1.32613
600.0 -1.29649
601.0 -1.25836
602.0 -1.21153
603.0 -1.15693
604.0 -1.09626
605.0 -1.03135
606.0 -0.963725
607.0 -0.894755
608.0 -0.826395
609.0 -0.760198
610.0 -0.696654
611.0 -0.635635
612.0 -0.576985
613.0 -0.521559
614.0 -0.469735
615.0 -0.420486
616.0 -0.372927
617.0 -0.327312
618.0 -0.283881
619.0 -0.242414
620.0 -0.202158
621.0 -0.162803
622.0 -0.124423
623.0 -0.0868858
624.0 -0.0501384
625.0 -0.0137646
626.0 0.0227674
627.0 0.0596142
628.0 0.0966878
629.0 0.133982
630.0 0.172104
631.0 0.211654
632.0 0.252693
633.0 0.295162
634.0 0.339382
635.0 0.385747
636.0 0.434742
637.0 0.486697
638.0 0.541414
639.0 0.599087
640.0 0.659797
641.0 0.723539
642.0 0.789921
643.0 0.858156
644.0 0.927226
645.0 0.995795
646.0 1.06212
647.0 1.12445
648.0 1.18069
649.0 1.2291
650.0 1.26894
651.0 1.30025
652.0 1.32375
653.0 1.34049
654.0 1.35164
655.0 1.35823
656.0 1.36101
657.0 1.36033
658.0 1.35606
659.0 1.34766
660.0 1.33434
661.0 1.3151
662.0 1.28864
663.0 1.25355
664.0 1.20966
665.0 1.15792
666.0 1.09938
667.0 1.03516
668.0 0.967411
669.0 0.898276
670.0 0.829828
671.0 0.763012
672.0 0.698085
673.0 0.635782
674.0 0.57686
675.0 0.521435
676.0 0.469116
677.0 0.41953
678.0 0.372487
679.0 0.328031
680.0 0.286126
681.0 0.246187
682.0 0.20761
683.0 0.170042
684.0 0.133756
685.0 0.0989885
686.0 0.0649024
687.0 0.0306325
688.0 -0.00354107
689.0 -0.0372542
690.0 -0.0709188
691.0 -0.105257
692.0 -0.140524
693.0 -0.176593
694.0 -0.213523
695.0 -0.251708
696.0 -0.291532
697.0 -0.333406
698.0 -0.377508
699.0 -0.423615
700.0 -0.471882
701.0 -0.522943
702.0 -0.577105
703.0 -0.634071
704.0 -0.693162
705.0 -0.753747
706.0 -0.815592
707.0 -0.878159
708.0 -0.939644
709.0 -0.99763
710.0 -1.05062
711.0 -1.09758
712.0 -1.13733
713.0 -1.16922
714.0 -1.19343
715.0 -1.21097
716.0 -1.22308
717.0 -1.23077
718.0 -1.23474
719.0 -1.23543
720.0 -1.23299
721.0 -1.22717
722.0 -1.21714
723.0 -1.20197
724.0 -1.18082
725.0 -1.15272
726.0 -1.1166
727.0 -1.07222
728.0 -1.02074
729.0 -0.964035
730.0 -0.903527
731.0 -0.840397
732.0 -0.776713
733.0 -0.714232
734.0 -0.653811
735.0 -0.595882
736.0 -0.540734
737.0 -0.488306
738.0 -0.439008
739.0 -0.392865
740.0 -0.34939
741.0 -0.307928
742.0 -0.268364
743.0 -0.230859
744.0 -0.195223
745.0 -0.160682
746.0 -0.126823
747.0 -0.0938563
748.0 -0.0618094
749.0 -0.0301866
750.0 0.00154837
751.0 0.0333698
752.0 0.0651841
753.0 0.0972804
754.0 0.130215
755.0 0.164186
756.0 0.199063
757.0 0.235041
758.0 0.272786
759.0 0.312623
760.0 0.35437
761.0 0.398438
762.0 0.445154
763.0 0.494866
764.0 0.54748
765.0 0.603036
766.0 0.66167
767.0 0.722893
768.0 0.785848
769.0 0.849698
770.0 0.913328
771.0 0.974583
772.0 1.03194
773.0 1.08359
774.0 1.12793
775.0 1.16439
776.0 1.19299
777.0 1.21431
778.0 1.22941
779.0 1.23941
780.0 1.24526
781.0 1.24763
782.0 1.24677
783.0 1.24257
784.0 1.23454
785.0 1.22185
786.0 1.20347
787.0 1.17825
788.0 1.14531
789.0 1.10443
790.0 1.05589
791.0 1.00108
792.0 0.941545
793.0 0.879176
794.0 0.815512
795.0 0.752134
796.0 0.690163
797.0 0.630214
798.0 0.57285
799.0 0.518284
800.0 0.466598
801.0 0.417482
802.0 0.370876
803.0 0.326844
804.0 0.285018
805.0 0.244948
806.0 0.2064
807.0 0.169253
808.0 0.133194
809.0 0.0979149
810.0 0.0634324
811.0 0.0294923
812.0 -0.0044116
813.0 -0.0384482
814.0 -0.0726229
815.0 -0.10695
816.0 -0.142073
817.0 -0.178383
818.0 -0.21572
819.0 -0.254024
820.0 -0.293961
821.0 -0.336245
822.0 -0.380474
823.0 -0.426747
824.0 -0.47573
825.0 -0.528024
826.0 -0.583344
827.0 -0.641201
828.0 -0.702036
829.0 -0.766357
830.0 -0.833175
831.0 -0.900829
832.0 -0.968573
833.0 -1.03585
834.0 -1.1004
835.0 -1.15924
836.0 -1.21093
837.0 -1.25489
838.0 -1.29061
839.0 -1.31778
840.0 -1.33745
841.0 -1.351
842.0 -1.35961
843.0 -1.36408
844.0 -1.36491
845.0 -1.36223
846.0 -1.35574
847.0 -1.34462
848.0 -1.32777
849.0 -1.30411
850.0 -1.27268
851.0 -1.2326
852.0 -1.18354
853.0 -1.12657
854.0 -1.06391
855.0 -0.997482
856.0 -0.928596
857.0 -0.858713
858.0 -0.789844
859.0 -0.723605
860.0 -0.660095
861.0 -0.599033
862.0 -0.540774
863.0 -0.486025
864.0 -0.434723
865.0 -0.385837
866.0 -0.339135
867.0 -0.294616
868.0 -0.252406
869.0 -0.212046
870.0 -0.172922
871.0 -0.134641
872.0 -0.0971793
873.0 -0.0605153
874.0 -0.0244959
875.0 0.0114302
876.0 0.0477132
877.0 0.0843206
878.0 0.121144
879.0 0.158628
880.0 0.197386
881.0 0.237535
882.0 0.278928
883.0 0.321818
884.0 0.366682
885.0 0.41384
886.0 0.463623
887.0 0.516062
888.0 0.57129
889.0 0.629673
890.0 0.690994
891.0 0.75545
892.0 0.822534
893.0 0.891308
894.0 0.960388
895.0 1.02875
896.0 1.09517
897.0 1.15746
898.0 1.21292
899.0 1.26023
900.0 1.29914
901.0 1.32989
902.0 1.35272
903.0 1.36872
904.0 1.37929
905.0 1.38548
906.0 1.38794
907.0 1.38692
908.0 1.3823
909.0 1.37355
910.0 1.35973
911.0 1.33953
912.0 1.31167
913.0 1.27543
914.0 1.23056
915.0 1.1771
916.0 1.11606
917.0 1.04987
918.0 0.980654
919.0 0.910627
920.0 0.84054
921.0 0.771821
922.0 0.705736
923.0 0.642899
924.0 0.583265
925.0 0.52658
926.0 0.473028
927.0 0.422679
928.0 0.37504
929.0 0.32972
930.0 0.286371
931.0 0.244962
932.0 0.205156
933.0 0.166576
934.0 0.129104
935.0 0.0924718
936.0 0.0563541
937.0 0.0204976
938.0 -0.0152221
939.0 -0.051029
940.0 -0.0871539
941.0 -0.123796
942.0 -0.161367
943.0 -0.199886
944.0 -0.239843
945.0 -0.281337
946.0 -0.324447
947.0 -0.369712
948.0 -0.417448
949.0 -0.467847
950.0 -0.520889
951.0 -0.577069
952.0 -0.636492
953.0 -0.6989
954.0 -0.764006
955.0 -0.831281
956.0 -0.90028
957.0 -0.969628
958.0 -1.03755
959.0 -1.10236
960.0 -1.16198
961.0 -1.21469
962.0 -1.25933
963.0 -1.29523
964.0 -1.32264
965.0 -1.34253
966.0 -1.35629
967.0 -1.36502
968.0 -1.36958
969.0 -1.37043
970.0 -1.36778
971.0 -1.36129
972.0 -1.35011
973.0 -1.33324
974.0 -1.30968
975.0 -1.27841
976.0 -1.23836
977.0 -1.18946
978.0 -1.13284
979.0 -1.07084
980.0 -1.00528
981.0 -0.937144
982.0 -0.868105
983.0 -0.800187
984.0 -0.735068
985.0 -0.672919
986.0 -0.613062
987.0 -0.555946
988.0 -0.502221
989.0 -0.451954
990.0 -0.404674
991.0 -0.359527
992.0 -0.316251
993.0 -0.275161
994.0 -0.236196
995.0 -0.198804
996.0 -0.162261
997.0 -0.126497
998.0 -0.0916247
999.0 -0.0576748
1000.0 -0.0240822
1001.0 0.00966324
1002.0 0.0438385
1003.0 0.0781788
1004.0 0.112677
1005.0 0.14793
1006.0 0.184424
1007.0 0.222416
1008.0 0.261697
1009.0 0.302359
1010.0 0.345034
1011.0 0.390387
1012.0 0.4385
1013.0 0.488939
1014.0 0.54175
1015.0 0.597648
1016.0 0.656865
1017.0 0.718254
1018.0 0.780858
1019.0 0.844155
1020.0 0.907581
1021.0 0.968952
1022.0 1.02616
1023.0 1.07758
1024.0 1.12198
1025.0 1.15848
1026.0 1.18705
1027.0 1.20823
1028.0 1.22322
1029.0 1.23315
1030.0 1.23894
1031.0 1.24124
1032.0 1.24035
1033.0 1.23618
1034.0 1.22824
1035.0 1.21567
1036.0 1.19748
1037.0 1.17254
1038.0 1.13991
1039.0 1.09915
1040.0 1.05064
1041.0 0.995794
1042.0 0.936324
1043.0 0.87377
1044.0 0.809845
1045.0 0.746556
1046.0 0.684873
1047.0 0.625295
1048.0 0.568413
1049.0 0.51474
1050.0 0.464227
1051.0 0.416552
1052.0 0.371431
1053.0 0.328908
1054.0 0.288707
1055.0 0.250546
1056.0 0.21406
1057.0 0.178829
1058.0 0.144761
1059.0 0.111829
1060.0 0.0795956
1061.0 0.0477119
1062.0 0.0160917
1063.0 -0.0153009
1064.0 -0.0467245
1065.0 -0.0785505
1066.0 -0.110913
1067.0 -0.14401
1068.0 -0.178094
1069.0 -0.213282
1070.0 -0.249778
1071.0 -0.288052
1072.0 -0.328469
1073.0 -0.37111
1074.0 -0.41594
1075.0 -0.463619
1076.0 -0.514338
1077.0 -0.568039
1078.0 -0.624647
1079.0 -0.684131
1080.0 -0.745626
1081.0 -0.808438
1082.0 -0.87178
1083.0 -0.933995
1084.0 -0.993122
1085.0 -1.04709
1086.0 -1.0946
1087.0 -1.13479
1088.0 -1.16696
1089.0 -1.19136
1090.0 -1.20908
1091.0 -1.22134
1092.0 -1.22914
1093.0 -1.23317
1094.0 -1.23393
1095.0 -1.23153
1096.0 -1.22559
1097.0 -1.21547
1098.0 -1.2003
1099.0 -1.17892
1100.0 -1.15015
1101.0 -1.11341
1102.0 -1.06906
1103.0 -1.01775
1104.0 -0.960968
1105.0 -0.900257
1106.0 -0.837587
1107.0 -0.774777
1108.0 -0.712794
1109.0 -0.652543
1110.0 -0.594562
1111.0 -0.539413
1112.0 -0.487057
1113.0 -0.437453
1114.0 -0.390654
1115.0 -0.346353
1116.0 -0.30425
1117.0 -0.264052
1118.0 -0.225515
1119.0 -0.188531
1120.0 -0.152894
1121.0 -0.118216
1122.0 -0.0840791
1123.0 -0.0503783
1124.0 -0.0170549
1125.0 0.0159294
1126.0 0.0491844
1127.0 0.0829846
1128.0 0.117551
1129.0 0.152565
1130.0 0.18845
1131.0 0.225821
1132.0 0.265155
1133.0 0.30618
1134.0 0.349008
1135.0 0.394046
1136.0 0.442163
1137.0 0.493365
1138.0 0.547639
1139.0 0.605063
1140.0 0.66554
1141.0 0.729274
1142.0 0.796118
1143.0 0.865056
1144.0 0.934538
1145.0 1.00349
1146.0 1.07077
1147.0 1.13395
1148.0 1.19029
1149.0 1.23873
1150.0 1.27891
1151.0 1.31062
1152.0 1.33407
1153.0 1.35059
1154.0 1.36159
1155.0 1.36806
1156.0 1.37065
1157.0 1.36971
1158.0 1.36513
1159.0 1.35631
1160.0 1.3424
1161.0 1.32236
1162.0 1.29478
1163.0 1.25855
1164.0 1.21354
1165.0 1.16041
1166.0 1.10028
1167.0 1.03465
1168.0 0.96583
1169.0 0.89628
1170.0 0.827096
1171.0 0.758882
1172.0 0.692953
1173.0 0.630377
1174.0 0.571147
1175.0 0.514906
1176.0 0.461446
1177.0 0.410912
1178.0 0.363387
1179.0 0.318427
1180.0 0.275367
1181.0 0.233931
1182.0 0.194171
1183.0 0.155856
1184.0 0.118586
1185.0 0.0820496
1186.0 0.0460186
1187.0 0.0103665
1188.0 -0.025112
1189.0 -0.0607258
1190.0 -0.0967204
1191.0 -0.133279
1192.0 -0.170611
1193.0 -0.208942
1194.0 -0.248654
1195.0 -0.290105
1196.0 -0.333254
1197.0 -0.378283
1198.0 -0.425877
1199.0 -0.476348
1200.0 -0.529549
1201.0 -0.585704
1202.0 -0.644981
1203.0 -0.707778
1204.0 -0.773292
1205.0 -0.840832
1206.0 -0.909771
1207.0 -0.979604
1208.0 -1.04819
1209.0 -1.11344
1210.0 -1.17351
1211.0 -1.22669
1212.0 -1.27168
1213.0 -1.30778
1214.0 -1.33542
1215.0 -1.3557
1216.0 -1.36966
1217.0 -1.37843
1218.0 -1.38298
1219.0 -1.38381
1220.0 -1.38107
1221.0 -1.37437
1222.0 -1.36292
1223.0 -1.34578
1224.0 -1.32179
1225.0 -1.28958
1226.0 -1.24832
1227.0 -1.19835
1228.0 -1.14113
1229.0 -1.07766
1230.0 -1.0094
1231.0 -0.939316
1232.0 -0.86932
1233.0 -0.800329
1234.0 -0.732832
1235.0 -0.668234
1236.0 -0.6071
1237.0 -0.549082
1238.0 -0.494051
1239.0 -0.44211
1240.0 -0.393336
1241.0 -0.347116
1242.0 -0.302861
1243.0 -0.260613
1244.0 -0.220344
1245.0 -0.18167
1246.0 -0.143985
1247.0 -0.107028
1248.0 -0.0708579
1249.0 -0.0353424
1250.0 -0.00026773
1251.0 0.0350688
1252.0 0.0708568
1253.0 0.106924
1254.0 0.143446
1255.0 0.180886
1256.0 0.219572
1257.0 0.259818
1258.0 0.301806
1259.0 0.345482
1260.0 0.39127
1261.0 0.439685
1262.0 0.49103
1263.0 0.545239
1264.0 0.602195
1265.0 0.662182
1266.0 0.72543
1267.0 0.791402
1268.0 0.859013
1269.0 0.927115
1270.0 0.994996
1271.0 1.06118
1272.0 1.12307
1273.0 1.17882
1274.0 1.22707
1275.0 1.26683
1276.0 1.298
1277.0 1.32126
1278.0 1.33782
1279.0 1.34878
1280.0 1.35516
1281.0 1.35777
1282.0 1.35683
1283.0 1.35228
1284.0 1.34367
1285.0 1.33003
1286.0 1.31007
1287.0 1.28275
1288.0 1.24731
1289.0 1.20342
1290.0 1.1512
1291.0 1.09229
1292.0 1.0285
1293.0 0.961563
1294.0 0.893578
1295.0 0.826119
1296.0 0.760109
1297.0 0.696165
1298.0 0.635042
1299.0 0.577353
1300.0 0.522869
1301.0 0.471019
1302.0 0.421794
1303.0 0.375593
1304.0 0.332135
1305.0 0.290427
1306.0 0.250217
1307.0 0.211832
1308.0 0.175121
1309.0 0.139421
1310.0 0.104328
1311.0 0.0699195
1312.0 0.0360634
1313.0 0.00246124
1314.0 -0.0312452
1315.0 -0.0652226
1316.0 -0.0995907
1317.0 -0.134586
1318.0 -0.170473
1319.0 -0.207538
1320.0 -0.245912
1321.0 -0.285851
1322.0 -0.327797
1323.0 -0.371957
1324.0 -0.418355
1325.0 -0.467234
1326.0 -0.519122
1327.0 -0.573705
1328.0 -0.63094
1329.0 -0.691115
1330.0 -0.753231
1331.0 -0.816416
1332.0 -0.879826
1333.0 -0.942163
1334.0 -1.00163
1335.0 -1.05589
1336.0 -1.10362
1337.0 -1.14411
1338.0 -1.17669
1339.0 -1.2014
1340.0 -1.21927
1341.0 -1.23161
1342.0 -1.23945
1343.0 -1.24349
1344.0 -1.24425
1345.0 -1.24186
1346.0 -1.23599
1347.0 -1.226
1348.0 -1.21109
1349.0 -1.19011
1350.0 -1.16175
1351.0 -1.12545
1352.0 -1.08125
1353.0 -1.02986
1354.0 -0.972753
1355.0 -0.911572
1356.0 -0.848209
1357.0 -0.784391
1358.0 -0.72135
1359.0 -0.660335
1360.0 -0.601652
1361.0 -0.54593
1362.0 -0.493418
1363.0 -0.443826
1364.0 -0.396882
1365.0 -0.352667
1366.0 -0.311131
1367.0 -0.271661
1368.0 -0.233681
1369.0 -0.197286
1370.0 -0.162578
1371.0 -0.129027
1372.0 -0.0959552
1373.0 -0.0633756
1374.0 -0.0315445
1375.0 -0.000181153
1376.0 0.0314132
1377.0 0.063566
1378.0 0.0958471
1379.0 0.128448
1380.0 0.161968
1381.0 0.196838
1382.0 0.232901
1383.0 0.27016
1384.0 0.309307
1385.0 0.350818
1386.0 0.394648
1387.0 0.440832
1388.0 0.489777
1389.0 0.541953
1390.0 0.597215
1391.0 0.655264
1392.0 0.71561
1393.0 0.777964
1394.0 0.841437
1395.0 0.904622
1396.0 0.965765
1397.0 1.02316
1398.0 1.07505
1399.0 1.1198
1400.0 1.15677
1401.0 1.1859
1402.0 1.20766
1403.0 1.22321
1404.0 1.23362
1405.0 1.23984
1406.0 1.24251
1407.0 1.24196
1408.0 1.23804
1409.0 1.23026
1410.0 1.21792
1411.0 1.19995
1412.0 1.17502
1413.0 1.14215
1414.0 1.1016
1415.0 1.05386
1416.0 0.999552
1417.0 0.939821
1418.0 0.877377
1419.0 0.814499
1420.0 0.751948
1421.0 0.690067
1422.0 0.630065
1423.0 0.57286
1424.0 0.518676
1425.0 0.467403
1426.0 0.418707
1427.0 0.372362
1428.0 0.328306
1429.0 0.286646
1430.0 0.247071
1431.0 0.208801
1432.0 0.171632
1433.0 0.135727
1434.0 0.10099
1435.0 0.0667761
1436.0 0.0328296
1437.0 -0.000982469
1438.0 -0.0346673
1439.0 -0.0685205
1440.0 -0.102847
1441.0 -0.13783
1442.0 -0.173805
1443.0 -0.210904
1444.0 -0.249206
1445.0 -0.289078
1446.0 -0.330786
1447.0 -0.3749
1448.0 -0.421477
1449.0 -0.470381
1450.0 -0.522097
1451.0 -0.57715
1452.0 -0.635579
1453.0 -0.696888
1454.0 -0.760615
1455.0 -0.826796
1456.0 -0.895084
1457.0 -0.963765
1458.0 -1.03076
1459.0 -1.09462
1460.0 -1.15373
1461.0 -1.20615
1462.0 -1.25045
1463.0 -1.28595
1464.0 -1.31317
1465.0 -1.33308
1466.0 -1.34688
1467.0 -1.35567
1468.0 -1.36027
1469.0 -1.36127
1470.0 -1.3588
1471.0 -1.35249
1472.0 -1.34164
1473.0 -1.32538
1474.0 -1.30254
1475.0 -1.27171
1476.0 -1.23207
1477.0 -1.18398
1478.0 -1.12859
1479.0 -1.06706
1480.0 -1.00078
1481.0 -0.932093
1482.0 -0.863432
1483.0 -0.795954
1484.0 -0.730135
1485.0 -0.66655
1486.0 -0.606005
1487.0 -0.54886
1488.0 -0.494677
1489.0 -0.443479
1490.0 -0.394907
1491.0 -0.348941
1492.0 -0.305092
1493.0 -0.263304
1494.0 -0.223174
1495.0 -0.184221
1496.0 -0.146437
1497.0 -0.109761
1498.0 -0.0738304
1499.0 -0.0380503
1500.0 -0.00236125
1501.0 0.0331893
1502.0 0.068978
1503.0 0.105394
1504.0 0.142574
1505.0 0.180514
1506.0 0.219716
1507.0 0.260614
1508.0 0.303183
1509.0 0.347716
1510.0 0.394584
1511.0 0.444144
1512.0 0.496506
1513.0 0.551914
1514.0 0.610643
1515.0 0.67251
1516.0 0.737331
1517.0 0.804751
1518.0 0.874392
1519.0 0.945314
1520.0 1.01536
1521.0 1.08319
1522.0 1.14718
1523.0 1.20504
1524.0 1.2549
1525.0 1.29592
1526.0 1.32827
1527.0 1.35261
1528.0 1.36992
1529.0 1.38139
1530.0 1.38816
1531.0 1.391
1532.0 1.39021
1533.0 1.38569
1534.0 1.37691
1535.0 1.36303
1536.0 1.34293
1537.0 1.31513
1538.0 1.27854
1539.0 1.23327
1540.0 1.18006
1541.0 1.11978
1542.0 1.0535
1543.0 0.983706
1544.0 0.91354
1545.0 0.843975
1546.0 0.77544
1547.0 0.708857
1548.0 0.64547
1549.0 0.585698
1550.0 0.529067
1551.0 0.475074
1552.0 0.423998
1553.0 0.375991
1554.0 0.3306
1555.0 0.287263
1556.0 0.245629
1557.0 0.205612
1558.0 0.166929
1559.0 0.129414
1560.0 0.0928694
1561.0 0.0569276
1562.0 0.0210241
1563.0 -0.0147633
1564.0 -0.0501901
1565.0 -0.0859098
1566.0 -0.122695
1567.0 -0.160398
1568.0 -0.198637
1569.0 -0.237797
1570.0 -0.279012
1571.0 -0.322397
1572.0 -0.367644
1573.0 -0.414814
1574.0 -0.464713
1575.0 -0.51792
1576.0 -0.574132
1577.0 -0.633096
1578.0 -0.695029
1579.0 -0.760166
1580.0 -0.827686
1581.0 -0.896307
1582.0 -0.965289
1583.0 -1.03325
1584.0 -1.09795
1585.0 -1.15713
1586.0 -1.20944
1587.0 -1.25381
1588.0 -1.28934
1589.0 -1.31645
1590.0 -1.33623
1591.0 -1.34992
1592.0 -1.3586
1593.0 -1.36316
1594.0 -1.3641
1595.0 -1.36161
1596.0 -1.35534
1597.0 -1.34451
1598.0 -1.32821
1599.0 -1.30536
1600.0 -1.2747
1601.0 -1.23517
1602.0 -1.18714
1603.0 -1.13192
1604.0 -1.07059
1605.0 -1.00457
1606.0 -0.9364
1607.0 -0.868275
1608.0 -0.800992
1609.0 -0.735158
1610.0 -0.67192
1611.0 -0.612222
1612.0 -0.555712
1613.0 -0.50186
1614.0 -0.450824
1615.0 -0.403139
1616.0 -0.358035
1617.0 -0.314852
1618.0 -0.273561
1619.0 -0.234433
1620.0 -0.19692
1621.0 -0.16029
1622.0 -0.124528
1623.0 -0.0898438
1624.0 -0.0558186
1625.0 -0.0219947
1626.0 0.0118594
1627.0 0.0456697
1628.0 0.0796184
1629.0 0.114183
1630.0 0.149685
1631.0 0.186044
1632.0 0.2234
1633.0 0.262324
1634.0 0.303127
1635.0 0.345742
1636.0 0.390312
1637.0 0.437553
1638.0 0.48773
1639.0 0.540406
1640.0 0.595469
1641.0 0.653353
1642.0 0.714229
1643.0 0.776529
1644.0 0.839262
1645.0 0.901561
1646.0 0.962235
1647.0 1.01899
1648.0 1.07002
1649.0 1.11389
1650.0 1.15016
1651.0 1.17861
1652.0 1.19982
1653.0 1.21486
1654.0 1.2248
1655.0 1.23063
1656.0 1.233
1657.0 1.23218
1658.0 1.22811
1659.0 1.22035
1660.0 1.20803
1661.0 1.19007
1662.0 1.16559
1663.0 1.13367
1664.0 1.09356
1665.0 1.04581
1666.0 0.992113
1667.0 0.933896
1668.0 0.872346
1669.0 0.809484
1670.0 0.747317
1671.0 0.686859
1672.0 0.628272
1673.0 0.572049
1674.0 0.519105
1675.0 0.469278
1676.0 0.421968
1677.0 0.37705
1678.0 0.334711
1679.0 0.294625
1680.0 0.256296
1681.0 0.219479
1682.0 0.184083
1683.0 0.149885
1684.0 0.116485
1685.0 0.0837968
1686.0 0.0517386
1687.0 0.0198602
1688.0 -0.012073
1689.0 -0.0440271
1690.0 -0.0760974
1691.0 -0.108695
1692.0 -0.142172
1693.0 -0.176694
1694.0 -0.212119
1695.0 -0.24881
1696.0 -0.287253
1697.0 -0.327757
1698.0 -0.370289
1699.0 -0.415022
1700.0 -0.462345
1701.0 -0.512629
1702.0 -0.565858
1703.0 -0.621913
1704.0 -0.680484
1705.0 -0.741221
1706.0 -0.80333
1707.0 -0.865995
1708.0 -0.927883
1709.0 -0.98661
1710.0 -1.04019
1711.0 -1.08754
1712.0 -1.12782
1713.0 -1.1602
1714.0 -1.18478
1715.0 -1.20269
1716.0 -1.21517
1717.0 -1.22312
1718.0 -1.22732
1719.0 -1.22829
1720.0 -1.22611
1721.0 -1.22047
1722.0 -1.21077
1723.0 -1.19606
1724.0 -1.17522
1725.0 -1.14726
1726.0 -1.11151
1727.0 -1.06786
1728.0 -1.01735
1729.0 -0.961428
1730.0 -0.901775
1731.0 -0.839709
1732.0 -0.777081
1733.0 -0.715711
1734.0 -0.656078
1735.0 -0.59835
1736.0 -0.543077
1737.0 -0.490789
1738.0 -0.441472
1739.0 -0.394649
1740.0 -0.349897
1741.0 -0.30736
1742.0 -0.266969
1743.0 -0.228261
1744.0 -0.190872
1745.0 -0.154698
1746.0 -0.11948
1747.0 -0.0849914
1748.0 -0.0509555
1749.0 -0.0174155
1750.0 0.0160237
1751.0 0.0498652
1752.0 0.0839925
1753.0 0.118399
1754.0 0.153551
1755.0 0.189968
1756.0 0.227685
1757.0 0.266701
1758.0 0.307406
1759.0 0.350143
1760.0 0.395223
1761.0 0.443009
1762.0 0.493496
1763.0 0.546722
1764.0 0.603071
1765.0 0.662822
1766.0 0.725795
1767.0 0.791056
1768.0 0.858117
1769.0 0.926238
1770.0 0.994268
1771.0 1.06033
1772.0 1.12237
1773.0 1.17805
1774.0 1.22622
1775.0 1.26622
1776.0 1.29764
1777.0 1.32103
1778.0 1.33768
1779.0 1.3488
1780.0 1.35535
1781.0 1.35806
1782.0 1.3573
1783.0 1.35296
1784.0 1.34447
1785.0 1.331
1786.0 1.31151
1787.0 1.28468
1788.0 1.24954
1789.0 1.20577
1790.0 1.15378
1791.0 1.09492
1792.0 1.03092
1793.0 0.963495
1794.0 0.894644
1795.0 0.826142
1796.0 0.759139
1797.0 0.694553
1798.0 0.632336
1799.0 0.573027
1800.0 0.517193
1801.0 0.464479
1802.0 0.414489
1803.0 0.366821
1804.0 0.321615
1805.0 0.2788
1806.0 0.237661
1807.0 0.197916
1808.0 0.159429
1809.0 0.122146
1810.0 0.085778
1811.0 0.0498393
1812.0 0.0140955
1813.0 -0.021585
1814.0 -0.0572906
1815.0 -0.0931939
1816.0 -0.129745
1817.0 -0.167343
1818.0 -0.206044
1819.0 -0.245823
1820.0 -0.286913
1821.0 -0.330005
1822.0 -0.375578
1823.0 -0.423376
1824.0 -0.473291
1825.0 -0.525855
1826.0 -0.582107
1827.0 -0.641667
1828.0 -0.70389
1829.0 -0.768502
1830.0 -0.835523
1831.0 -0.904326
1832.0 -0.973527
1833.0 -1.04142
1834.0 -1.10589
1835.0 -1.16511
1836.0 -1.21764
1837.0 -1.26228
1838.0 -1.29828
1839.0 -1.32569
1840.0 -1.34567
1841.0 -1.35957
1842.0 -1.36849
1843.0 -1.3732
1844.0 -1.37424
1845.0 -1.37182
1846.0 -1.36557
1847.0 -1.35467
1848.0 -1.33825
1849.0 -1.31524
1850.0 -1.28435
1851.0 -1.24453
1852.0 -1.19598
1853.0 -1.13994
1854.0 -1.07811
1855.0 -1.01187
1856.0 -0.943148
1857.0 -0.873725
1858.0 -0.805243
1859.0 -0.738829
1860.0 -0.675203
1861.0 -0.614466
1862.0 -0.556476
1863.0 -0.501547
1864.0 -0.44985
1865.0 -0.400962
1866.0 -0.354223
1867.0 -0.309616
1868.0 -0.267273
1869.0 -0.226575
1870.0 -0.187143
1871.0 -0.148872
1872.0 -0.11155
1873.0 -0.0749681
1874.0 -0.0386762
1875.0 -0.00268032
1876.0 0.0332568
1877.0 0.069514
1878.0 0.106245
1879.0 0.143679
1880.0 0.181956
1881.0 0.22143
1882.0 0.262294
1883.0 0.304889
1884.0 0.34951
1885.0 0.396379
1886.0 0.445675
1887.0 0.497622
1888.0 0.552691
1889.0 0.610919
1890.0 0.672092
1891.0 0.73618
1892.0 0.802943
1893.0 0.871955
1894.0 0.941749
1895.0 1.0105
1896.0 1.07716
1897.0 1.14016
1898.0 1.19708
1899.0 1.24584
1900.0 1.28585
1901.0 1.31757
1902.0 1.34135
1903.0 1.35818
1904.0 1.36934
1905.0 1.37597
1906.0 1.37879
1907.0 1.37809
1908.0 1.37378
1909.0 1.36539
1910.0 1.35209
1911.0 1.33269
1912.0 1.30591
1913.0 1.27088
1914.0 1.22722
1915.0 1.17533
1916.0 1.11638
1917.0 1.05205
1918.0 0.984632
1919.0 0.916048
1920.0 0.847466
1921.0 0.78001
1922.0 0.715121
1923.0 0.652999
1924.0 0.593906
1925.0 0.537902
1926.0 0.484861
1927.0 0.434773
1928.0 0.387415
1929.0 0.342221
1930.0 0.299155
1931.0 0.258124
1932.0 0.218698
1933.0 0.180437
1934.0 0.143197
1935.0 0.106948
1936.0 0.0713464
1937.0 0.0359636
1938.0 0.00067385
1939.0 -0.0345036
1940.0 -0.0700244
1941.0 -0.106251
1942.0 -0.143147
1943.0 -0.180948
1944.0 -0.219953
1945.0 -0.260383
1946.0 -0.302442
1947.0 -0.346573
1948.0 -0.39299
1949.0 -0.441737
1950.0 -0.492915
1951.0 -0.547026
1952.0 -0.604146
1953.0 -0.664316
1954.0 -0.726993
1955.0 -0.791658
1956.0 -0.857678
1957.0 -0.923687
1958.0 -0.987997
1959.0 -1.04883
1960.0 -1.1044
1961.0 -1.15313
1962.0 -1.19399
1963.0 -1.22668
1964.0 -1.25177
1965.0 -1.27001
1966.0 -1.28246
1967.0 -1.29033
1968.0 -1.29444
1969.0 -1.29516
1970.0 -1.29261
1971.0 -1.28653
1972.0 -1.2761
1973.0 -1.26027
1974.0 -1.23801
1975.0 -1.2082
1976.0 -1.16979
1977.0 -1.12243
1978.0 -1.06737
1979.0 -1.00581
1980.0 -0.939248
1981.0 -0.869819
1982.0 -0.799283
1983.0 -0.729264
1984.0 -0.660679
1985.0 -0.594011
1986.0 -0.530398
1987.0 -0.470109
1988.0 -0.412677
1989.0 -0.358232
1990.0 -0.307383
1991.0 -0.259974
1992.0 -0.21552
1993.0 -0.174126
1994.0 -0.136182
1995.0 -0.101976
1996.0 -0.0713593
1997.0 -0.0443635
1998.0 -0.02136
1999.0 -0.00263618
2000.0 0.0119914
2001.0 0.0226397
2002.0 0.0294583
2003.0 0.0327201
2004.0 0.0328525
2005.0 0.0302794
2006.0 0.025441
2007.0 0.0187873
2008.0 0.0107792
2009.0 0.00175246
2010.0 -0.00793071
2011.0 -0.0179289
2012.0 -0.0279073
2013.0 -0.0376099
2014.0 -0.046808
2015.0 -0.0551494
2016.0 -0.0623386
2017.0 -0.0681657
2018.0 -0.0723822
2019.0 -0.0747196
2020.0 -0.074944
2021.0 -0.0729281
2022.0 -0.0685363
2023.0 -0.0616663
2024.0 -0.0523938
2025.0 -0.0409152
2026.0 -0.027184
2027.0 -0.0112233
2028.0 0.00655108
2029.0 0.0257796
2030.0 0.0463211
2031.0 0.0683109
2032.0 0.091403
2033.0 0.115135
2034.0 0.139281
2035.0 0.164076
2036.0 0.189309
2037.0 0.214413
2038.0 0.239257
2039.0 0.264105
2040.0 0.288667
2041.0 0.312469
2042.0 0.335504
2043.0 0.357941
2044.0 0.379718
2045.0 0.400635
2046.0 0.42076
2047.0 0.440378
2048.0 0.459766
2049.0 0.478857
2050.0 0.49769
2051.0 0.516521
2052.0 0.535446
2053.0 0.554461
2054.0 0.573401
2055.0 0.592146
2056.0 0.610756
2057.0 0.628963
2058.0 0.64646
2059.0 0.662938
2060.0 0.677983
2061.0 0.691142
2062.0 0.702112
2063.0 0.710672
2064.0 0.716559
2065.0 0.719683
2066.0 0.720055
2067.0 0.71766
2068.0 0.71249
2069.0 0.70465
2070.0 0.694291
2071.0 0.681559
2072.0 0.666807
2073.0 0.650519
2074.0 0.633126
2075.0 0.614914
2076.0 0.596137
2077.0 0.577129
2078.0 0.558039
2079.0 0.538884
2080.0 0.51962
2081.0 0.50031
2082.0 0.480877
2083.0 0.461101
2084.0 0.441058
2085.0 0.420619
2086.0 0.399577
2087.0 0.377731
2088.0 0.355148
2089.0 0.331811
2090.0 0.30756
2091.0 0.282467
2092.0 0.256685
2093.0 0.230394
2094.0 0.203615
2095.0 0.176387
2096.0 0.14897
2097.0 0.121404
2098.0 0.0937375
2099.0 0.0662547
2100.0 0.0391141
2101.0 0.0122588
2102.0 -0.0142507
2103.0 -0.04018
2104.0 -0.0652161
2105.0 -0.089344
2106.0 -0.112532
2107.0 -0.134592
2108.0 -0.155043
2109.0 -0.173764
2110.0 -0.190775
2111.0 -0.205933
2112.0 -0.218898
2113.0 -0.229606
2114.0 -0.23815
2115.0 -0.244573
2116.0 -0.248907
2117.0 -0.2513
2118.0 -0.251965
2119.0 -0.25109
2120.0 -0.248895
2121.0 -0.245613
2122.0 -0.24142
2123.0 -0.236497
2124.0 -0.231031
2125.0 -0.225184
2126.0 -0.219049
2127.0 -0.212671
2128.0 -0.206207
2129.0 -0.199762
2130.0 -0.193341
2131.0 -0.186933
2132.0 -0.180605
2133.0 -0.174445
2134.0 -0.168425
2135.0 -0.162542
2136.0 -0.1568
2137.0 -0.151233
2138.0 -0.145867
2139.0 -0.140671
2140.0 -0.135625
2141.0 -0.130769
2142.0 -0.126084
2143.0 -0.121544
2144.0 -0.117178
2145.0 -0.112987
2146.0 -0.108946
2147.0 -0.105047
2148.0 -0.101289
2149.0 -0.0976801
2150.0 -0.0942133
2151.0 -0.090868
2152.0 -0.0876508
2153.0 -0.0845621
2154.0 -0.0815756
2155.0 -0.0787183
2156.0 -0.0759701
2157.0 -0.0733177
2158.0 -0.0707601
2159.0 -0.0683094
2160.0 -0.0659613
2161.0 -0.0636898
2162.0 -0.0614973
2163.0 -0.0593936
2164.0 -0.0573753
2165.0 -0.0554374
2166.0 -0.053559
2167.0 -0.0517543
2168.0 -0.0500244
2169.0 -0.0483518
2170.0 -0.0467378
2171.0 -0.0451892
2172.0 -0.0437021
2173.0 -0.0422672
2174.0 -0.0408822
2175.0 -0.0395498
2176.0 -0.0382697
2177.0 -0.0370347
2178.0 -0.0358349
2179.0 -0.0346844
2180.0 -0.0335877
2181.0 -0.0325225
2182.0 -0.0314855
2183.0 -0.0304923
2184.0 -0.0295451
2185.0 -0.0286257
2186.0 -0.0277297
2187.0 -0.0268674
2188.0 -0.0260429
2189.0 -0.0252496
2190.0 -0.0244782
2191.0 -0.0237302
2192.0 -0.0230135
2193.0 -0.0223233
2194.0 -0.0216549
2195.0 -0.0210078
2196.0 -0.0203837
2197.0 -0.0197816
2198.0 -0.0191994
2199.0 -0.0186367
2200.0 -0.018095
2201.0 -0.0175713
2202.0 -0.0170611
2203.0 -0.0165698
2204.0 -0.0160967
2205.0 -0.0156411
2206.0 -0.0151973
2207.0 -0.014768
2208.0 -0.0143542
2209.0 -0.0139532
2210.0 -0.0135657
2211.0 -0.0131908
2212.0 -0.0128285
2213.0 -0.0124759
2214.0 -0.0121334
2215.0 -0.0118046
2216.0 -0.0114864
2217.0 -0.0111787
2218.0 -0.0108784
2219.0 -0.0105881
2220.0 -0.0103076
2221.0 -0.0100359
2222.0 -0.00977165
2223.0 -0.00951518
2224.0 -0.00926813
2225.0 -0.00902695
2226.0 -0.00879387
2227.0 -0.00856988
2228.0 -0.00835141
2229.0 -0.00814088
2230.0 -0.0079335
2231.0 -0.00773356
2232.0 -0.00754038
2233.0 -0.00735275
2234.0 -0.00717025
2235.0 -0.00699315
2236.0 -0.00682081
2237.0 -0.0066554
2238.0 -0.00649208
2239.0 -0.00633543
2240.0 -0.00618314
2241.0 -0.00603545
2242.0 -0.00588899
2243.0 -0.0057493
2244.0 -0.00561407
2245.0 -0.00548198
2246.0 -0.00535403
2247.0 -0.00522708
2248.0 -0.00510515
2249.0 -0.00498712
2250.0 -0.00487299
2251.0 -0.00476192
2252.0 -0.00465303
2253.0 -0.00454858
2254.0 -0.00444511
2255.0 -0.00434535
2256.0 -0.00424714
2257.0 -0.00415255
2258.0 -0.00405978
2259.0 -0.00397061
2260.0 -0.00388436
2261.0 -0.00379863
2262.0 -0.00371639
2263.0 -0.00363467
2264.0 -0.00355818
2265.0 -0.00348012
2266.0 -0.00340654
2267.0 -0.00333376
2268.0 -0.00326363
2269.0 -0.00319516
2270.0 -0.00312844
2271.0 -0.00306455
2272.0 -0.00299895
2273.0 -0.0029362
2274.0 -0.00287598
2275.0 -0.00281711
2276.0 -0.00276049
2277.0 -0.00270427
2278.0 -0.00264905
2279.0 -0.00259628
2280.0 -0.00254559
2281.0 -0.00249405
2282.0 -0.00244371
2283.0 -0.00239385
2284.0 -0.00234805
2285.0 -0.00230111
2286.0 -0.00225734
2287.0 -0.0022131
2288.0 -0.00216991
2289.0 -0.00212859
2290.0 -0.0020881
2291.0 -0.00204934
2292.0 -0.00200925
2293.0 -0.00197056
2294.0 -0.00193342
2295.0 -0.00189878
2296.0 -0.00186318
2297.0 -0.00182789
2298.0 -0.00179433
2299.0 -0.00176113
2300.0 -0.00172958
2301.0 -0.00169816
2302.0 -0.00166718
2303.0 -0.00163691
2304.0 -0.00160732
2305.0 -0.00157861
2306.0 -0.00154925
2307.0 -0.00152319
2308.0 -0.00149557
2309.0 -0.00146691
2310.0 -0.00144266
2311.0 -0.00141787
2312.0 -0.00139347
2313.0 -0.00137002
2314.0 -0.00134556
2315.0 -0.00132223
2316.0 -0.00130072
2317.0 -0.001277
2318.0 -0.00125719
2319.0 -0.00123552
2320.0 -0.00121387
2321.0 -0.00119444
2322.0 -0.00117305
2323.0 -0.00115513
2324.0 -0.00113593
2325.0 -0.00111664
2326.0 -0.00109835
2327.0 -0.00108047
2328.0 -0.00106327
2329.0 -0.00104639
2330.0 -0.00102954
2331.0 -0.00101358
2332.0 -0.000997714
2333.0 -0.000980155
2334.0 -0.000964925
2335.0 -0.000948713
2336.0 -0.00093435
2337.0 -0.000921057
2338.0 -0.000907048
2339.0 -0.000892421
2340.0 -0.000878363
2341.0 -0.000863462
2342.0 -0.000851977
2343.0 -0.000838564
2344.0 -0.000824355
2345.0 -0.000811358
2346.0 -0.000800899
2347.0 -0.000789331
2348.0 -0.00077766
2349.0 -0.000766302
2350.0 -0.000756079
2351.0 -0.00074428
2352.0 -0.000732075
2353.0 -0.000721969
2354.0 -0.000711284
2355.0 -0.000701801
2356.0 -0.000693073
2357.0 -0.000681715
2358.0 -0.000671844
2359.0 -0.000663362
2360.0 -0.000653288
2361.0 -0.000643245
2362.0 -0.000634769
2363.0 -0.000625539
2364.0 -0.0006165
2365.0 -0.000608586
2366.0 -0.000599974
2367.0 -0.0005918
2368.0 -0.000583338
2369.0 -0.000575424
2370.0 -0.000567855
2371.0 -0.000560291
2372.0 -0.000552049
2373.0 -0.000543524
2374.0 -0.000536003
2375.0 -0.000529625
2376.0 -0.000522215
2377.0 -0.000515171
2378.0 -0.000509289
2379.0 -0.000503623
2380.0 -0.000497159
2381.0 -0.00048954
2382.0 -0.000482654
2383.0 -0.000477357
2384.0 -0.000471483
2385.0 -0.00046444
2386.0 -0.000458982
2387.0 -0.000453013
2388.0 -0.000447434
2389.0 -0.000443071
2390.0 -0.000437863
2391.0 -0.000430814
2392.0 -0.000425063
2393.0 -0.000418882
2394.0 -0.000415417
2395.0 -0.00041081
2396.0 -0.000406704
2397.0 -0.000401888
2398.0 -0.000396776
2399.0 -0.000391504
2400.0 -0.00038661
2401.0 -0.000382646
2402.0 -0.000378347
2403.0 -0.000374014
2404.0 -0.000369897
2405.0 -0.000366357
2406.0 -0.000362587
2407.0 -0.000357832
2408.0 -0.000353373
2409.0 -0.000349655
2410.0 -0.000346194
2411.0 -0.000342068
2412.0 -0.000337241
2413.0 -0.000333275
2414.0 -0.000331369
2415.0 -0.000326141
2416.0 -0.000322799
2417.0 -0.000318795
2418.0 -0.000315382
2419.0 -0.000311887
2420.0 -0.000309691
2421.0 -0.000305313
2422.0 -0.00030121
2423.0 -0.000297016
2424.0 -0.000295018
2425.0 -0.000292032
2426.0 -0.000288938
2427.0 -0.000285626
2428.0 -0.000283116
2429.0 -0.00027995
2430.0 -0.00027784
2431.0 -0.000275736
2432.0 -0.000272519
2433.0 -0.000269013
2434.0 -0.00026609
2435.0 -0.000264249
2436.0 -0.000260562
2437.0 -0.000259015
2438.0 -0.000255557
2439.0 -0.000252906
2440.0 -0.000252559
2441.0 -0.000247939
2442.0 -0.000246821
2443.0 -0.000243371
2444.0 -0.00024234
2445.0 -0.000238873
2446.0 -0.000237007
2447.0 -0.000234799
2448.0 -0.000232104
2449.0 -0.000229008
2450.0 -0.000228223
2451.0 -0.000225928
2452.0 -0.000222746
2453.0 -0.000221352
2454.0 -0.000219398
2455.0 -0.000217452
2456.0 -0.000215408
2457.0 -0.000213635
2458.0 -0.000210885
2459.0 -0.000208332
2460.0 -0.000207206
2461.0 -0.000205712
2462.0 -0.000204007
2463.0 -0.000201253
2464.0 -0.000199695
2465.0 -0.000198123
2466.0 -0.000196413
2467.0 -0.000193808
2468.0 -0.00019365
2469.0 -0.000191287
2470.0 -0.000190239
