-2651.5 1.88516e-05
-2650.5 1.88281e-05
-2649.5 1.88897e-05
-2648.5 1.96608e-05
-2647.5 2.06943e-05
-2646.5 2.06053e-05
-2645.5 2.00561e-05
-2644.5 1.94136e-05
-2643.5 2.1198e-05
-2642.5 2.09832e-05
-2641.5 1.99692e-05
-2640.5 2.15264e-05
-2639.5 2.14594e-05
-2638.5 2.10479e-05
-2637.5 2.1139e-05
-2636.5 2.16548e-05
-2635.5 2.18623e-05
-2634.5 2.17716e-05
-2633.5 2.20023e-05
-2632.5 2.31708e-05
-2631.5 2.33617e-05
-2630.5 2.31424e-05
-2629.5 2.55765e-05
-2628.5 2.57189e-05
-2627.5 2.46215e-05
-2626.5 2.69607e-05
-2625.5 2.62325e-05
-2624.5 2.62275e-05
-2623.5 2.70994e-05
-2622.5 2.66776e-05
-2621.5 2.68803e-05
-2620.5 2.48252e-05
-2619.5 2.72419e-05
-2618.5 2.71559e-05
-2617.5 2.83237e-05
-2616.5 2.77942e-05
-2615.5 2.76396e-05
-2614.5 2.94381e-05
-2613.5 2.89285e-05
-2612.5 3.03487e-05
-2611.5 3.08115e-05
-2610.5 3.08266e-05
-2609.5 3.1599e-05
-2608.5 3.24121e-05
-2607.5 3.21847e-05
-2606.5 3.17619e-05
-2605.5 3.23435e-05
-2604.5 3.41356e-05
-2603.5 3.48315e-05
-2602.5 3.3804e-05
-2601.5 3.406e-05
-2600.5 3.49963e-05
-2599.5 3.48462e-05
-2598.5 3.48467e-05
-2597.5 3.49787e-05
-2596.5 3.55166e-05
-2595.5 3.62908e-05
-2594.5 3.78386e-05
-2593.5 3.72809e-05
-2592.5 3.84145e-05
-2591.5 3.66435e-05
-2590.5 3.89316e-05
-2589.5 3.79074e-05
-2588.5 3.92743e-05
-2587.5 4.06384e-05
-2586.5 4.1384e-05
-2585.5 4.08617e-05
-2584.5 4.14587e-05
-2583.5 4.14397e-05
-2582.5 4.21001e-05
-2581.5 4.26932e-05
-2580.5 4.26657e-05
-2579.5 4.41539e-05
-2578.5 4.49488e-05
-2577.5 4.38501e-05
-2576.5 4.43534e-05
-2575.5 4.57627e-05
-2574.5 4.54318e-05
-2573.5 4.58294e-05
-2572.5 4.6927e-05
-2571.5 4.74817e-05
-2570.5 4.87522e-05
-2569.5 4.96706e-05
-2568.5 4.91557e-05
-2567.5 5.02837e-05
-2566.5 4.91102e-05
-2565.5 5.02514e-05
-2564.5 5.02659e-05
-2563.5 5.09373e-05
-2562.5 4.96929e-05
-2561.5 5.16376e-05
-2560.5 5.21765e-05
-2559.5 5.24278e-05
-2558.5 5.31515e-05
-2557.5 5.34162e-05
-2556.5 5.53409e-05
-2555.5 5.62969e-05
-2554.5 5.46221e-05
-2553.5 5.56256e-05
-2552.5 5.66594e-05
-2551.5 5.6858e-05
-2550.5 5.93699e-05
-2549.5 5.95095e-05
-2548.5 5.84071e-05
-2547.5 5.88146e-05
-2546.5 6.00096e-05
-2545.5 6.1165e-05
-2544.5 6.22543e-05
-2543.5 6.28131e-05
-2542.5 6.33535e-05
-2541.5 6.31992e-05
-2540.5 6.37369e-05
-2539.5 6.48647e-05
-2538.5 6.57289e-05
-2537.5 6.51424e-05
-2536.5 6.62719e-05
-2535.5 6.85396e-05
-2534.5 6.77e-05
-2533.5 6.892e-05
-2532.5 7.08739e-05
-2531.5 7.12507e-05
-2530.5 7.27146e-05
-2529.5 7.34357e-05
-2528.5 7.41612e-05
-2527.5 7.54439e-05
-2526.5 7.51098e-05
-2525.5 7.54518e-05
-2524.5 7.719e-05
-2523.5 7.90144e-05
-2522.5 7.95738e-05
-2521.5 8.06223e-05
-2520.5 8.13898e-05
-2519.5 8.35202e-05
-2518.5 8.17254e-05
-2517.5 8.29326e-05
-2516.5 8.40608e-05
-2515.5 8.58121e-05
-2514.5 8.6316e-05
-2513.5 8.90337e-05
-2512.5 9.03921e-05
-2511.5 9.11029e-05
-2510.5 9.15576e-05
-2509.5 9.32223e-05
-2508.5 9.35605e-05
-2507.5 9.46829e-05
-2506.5 9.57863e-05
-2505.5 9.66681e-05
-2504.5 9.73677e-05
-2503.5 9.89246e-05
-2502.5 0.000100432
-2501.5 0.000101571
-2500.5 0.000103661
-2499.5 0.000104861
-2498.5 0.000106494
-2497.5 0.00010759
-2496.5 0.000108527
-2495.5 0.000108683
-2494.5 0.000109872
-2493.5 0.000111627
-2492.5 0.000113298
-2491.5 0.000114394
-2490.5 0.000114926
-2489.5 0.000117251
-2488.5 0.000117892
-2487.5 0.000119467
-2486.5 0.000121221
-2485.5 0.000122457
-2484.5 0.00012341
-2483.5 0.0001256
-2482.5 0.00012708
-2481.5 0.000128564
-2480.5 0.000129901
-2479.5 0.00013132
-2478.5 0.000132844
-2477.5 0.000133838
-2476.5 0.000135319
-2475.5 0.000138325
-2474.5 0.000141097
-2473.5 0.000141957
-2472.5 0.000143196
-2471.5 0.000145314
-2470.5 0.00014785
-2469.5 0.000148379
-2468.5 0.000150833
-2467.5 0.000153011
-2466.5 0.000154148
-2465.5 0.000157575
-2464.5 0.000159436
-2463.5 0.00015993
-2462.5 0.000162388
-2461.5 0.000166572
-2460.5 0.000168208
-2459.5 0.000169566
-2458.5 0.000171904
-2457.5 0.000173586
-2456.5 0.000176197
-2455.5 0.000177937
-2454.5 0.000179932
-2453.5 0.000182713
-2452.5 0.000184989
-2451.5 0.000186856
-2450.5 0.000189315
-2449.5 0.000192314
-2448.5 0.000193893
-2447.5 0.000196464
-2446.5 0.000199019
-2445.5 0.000201848
-2444.5 0.000205532
-2443.5 0.000206598
-2442.5 0.000209598
-2441.5 0.000212415
-2440.5 0.000215259
-2439.5 0.000217555
-2438.5 0.000221021
-2437.5 0.000223432
-2436.5 0.000225398
-2435.5 0.000230556
-2434.5 0.000232132
-2433.5 0.000235579
-2432.5 0.000238433
-2431.5 0.000241022
-2430.5 0.000243685
-2429.5 0.000247925
-2428.5 0.000251116
-2427.5 0.000253979
-2426.5 0.000256702
-2425.5 0.000259963
-2424.5 0.000264258
-2423.5 0.000267912
-2422.5 0.000271266
-2421.5 0.000274046
-2420.5 0.000278481
-2419.5 0.000281134
-2418.5 0.000284894
-2417.5 0.000289491
-2416.5 0.000293524
-2415.5 0.000297996
-2414.5 0.000301857
-2413.5 0.000306434
-2412.5 0.000308767
-2411.5 0.000312691
-2410.5 0.000316579
-2409.5 0.000322606
-2408.5 0.000327535
-2407.5 0.000331624
-2406.5 0.000334871
-2405.5 0.000340207
-2404.5 0.000345987
-2403.5 0.000349382
-2402.5 0.000354368
-2401.5 0.000360289
-2400.5 0.000365526
-2399.5 0.000369625
-2398.5 0.000373075
-2397.5 0.000379639
-2396.5 0.000385808
-2395.5 0.00039132
-2394.5 0.000397687
-2393.5 0.000401278
-2392.5 0.000408355
-2391.5 0.000413852
-2390.5 0.000419578
-2389.5 0.000426485
-2388.5 0.000432311
-2387.5 0.000437299
-2386.5 0.000445591
-2385.5 0.000452701
-2384.5 0.000458755
-2383.5 0.000466343
-2382.5 0.000471843
-2381.5 0.000478831
-2380.5 0.000487265
-2379.5 0.000493809
-2378.5 0.000501002
-2377.5 0.000508868
-2376.5 0.000516326
-2375.5 0.000523242
-2374.5 0.000531117
-2373.5 0.000539738
-2372.5 0.000547731
-2371.5 0.00055752
-2370.5 0.000565611
-2369.5 0.000572938
-2368.5 0.000580599
-2367.5 0.000589293
-2366.5 0.000598563
-2365.5 0.00060877
-2364.5 0.000617774
-2363.5 0.000626854
-2362.5 0.000636539
-2361.5 0.000647419
-2360.5 0.00065768
-2359.5 0.00066846
-2358.5 0.000678212
-2357.5 0.00068864
-2356.5 0.000700025
-2355.5 0.000711388
-2354.5 0.000722977
-2353.5 0.000733344
-2352.5 0.000744903
-2351.5 0.000756908
-2350.5 0.000768834
-2349.5 0.000781376
-2348.5 0.000794448
-2347.5 0.000808041
-2346.5 0.000820075
-2345.5 0.000833852
-2344.5 0.000846006
-2343.5 0.000859334
-2342.5 0.000876311
-2341.5 0.000888971
-2340.5 0.000902822
-2339.5 0.000916584
-2338.5 0.000932126
-2337.5 0.000948116
-2336.5 0.000964231
-2335.5 0.000981597
-2334.5 0.000997816
-2333.5 0.00101372
-2332.5 0.00103083
-2331.5 0.00104789
-2330.5 0.00106653
-2329.5 0.00108429
-2328.5 0.00110214
-2327.5 0.00112172
-2326.5 0.00114073
-2325.5 0.00115975
-2324.5 0.00118136
-2323.5 0.00120173
-2322.5 0.00122062
-2321.5 0.00124408
-2320.5 0.00126601
-2319.5 0.00128732
-2318.5 0.0013088
-2317.5 0.00133314
-2316.5 0.00135666
-2315.5 0.00138107
-2314.5 0.00140525
-2313.5 0.00143141
-2312.5 0.00145681
-2311.5 0.00148297
-2310.5 0.00151199
-2309.5 0.00153788
-2308.5 0.00156582
-2307.5 0.00159398
-2306.5 0.00162368
-2305.5 0.00165455
-2304.5 0.00168386
-2303.5 0.00171436
-2302.5 0.00174612
-2301.5 0.00177754
-2300.5 0.00181154
-2299.5 0.00184716
-2298.5 0.00188104
-2297.5 0.0019152
-2296.5 0.00195196
-2295.5 0.00198964
-2294.5 0.00202764
-2293.5 0.00206713
-2292.5 0.0021053
-2291.5 0.00214618
-2290.5 0.00218839
-2289.5 0.00223149
-2288.5 0.00227475
-2287.5 0.00231975
-2286.5 0.00236442
-2285.5 0.00241058
-2284.5 0.00245939
-2283.5 0.00250792
-2282.5 0.0025577
-2281.5 0.00260888
-2280.5 0.00266103
-2279.5 0.00271392
-2278.5 0.0027694
-2277.5 0.00282565
-2276.5 0.00288228
-2275.5 0.00294167
-2274.5 0.00300276
-2273.5 0.00306326
-2272.5 0.00312506
-2271.5 0.00319016
-2270.5 0.0032571
-2269.5 0.00332422
-2268.5 0.00339287
-2267.5 0.0034656
-2266.5 0.00353776
-2265.5 0.00361368
-2264.5 0.00369028
-2263.5 0.00376715
-2262.5 0.00384805
-2261.5 0.00393162
-2260.5 0.00401561
-2259.5 0.00410211
-2258.5 0.00419124
-2257.5 0.00428259
-2256.5 0.00437546
-2255.5 0.0044706
-2254.5 0.00456908
-2253.5 0.00467016
-2252.5 0.00477266
-2251.5 0.00487906
-2250.5 0.00498788
-2249.5 0.00509664
-2248.5 0.00521034
-2247.5 0.0053282
-2246.5 0.00544791
-2245.5 0.00557129
-2244.5 0.00569728
-2243.5 0.00582723
-2242.5 0.00596053
-2241.5 0.0060976
-2240.5 0.00623566
-2239.5 0.00637991
-2238.5 0.00652675
-2237.5 0.00667999
-2236.5 0.00683474
-2235.5 0.0069934
-2234.5 0.00715759
-2233.5 0.00732655
-2232.5 0.0074987
-2231.5 0.00767642
-2230.5 0.00785899
-2229.5 0.00804588
-2228.5 0.00823769
-2227.5 0.0084352
-2226.5 0.00863773
-2225.5 0.00884706
-2224.5 0.00906029
-2223.5 0.00928049
-2222.5 0.00950787
-2221.5 0.00973967
-2220.5 0.00997903
-2219.5 0.0102232
-2218.5 0.010473
-2217.5 0.010733
-2216.5 0.0109994
-2215.5 0.0112723
-2214.5 0.0115518
-2213.5 0.0118393
-2212.5 0.0121363
-2211.5 0.0124419
-2210.5 0.0127551
-2209.5 0.0130753
-2208.5 0.0134064
-2207.5 0.0137447
-2206.5 0.0140964
-2205.5 0.0144568
-2204.5 0.0148251
-2203.5 0.0152034
-2202.5 0.0155932
-2201.5 0.0159955
-2200.5 0.016409
-2199.5 0.0168315
-2198.5 0.017266
-2197.5 0.0177135
-2196.5 0.0181726
-2195.5 0.0186462
-2194.5 0.0191331
-2193.5 0.0196318
-2192.5 0.0201445
-2191.5 0.0206691
-2190.5 0.0212087
-2189.5 0.021766
-2188.5 0.0223394
-2187.5 0.0229273
-2186.5 0.0235308
-2185.5 0.0241474
-2184.5 0.0247815
-2183.5 0.0254335
-2182.5 0.0261062
-2181.5 0.0267931
-2180.5 0.0274949
-2179.5 0.0282143
-2178.5 0.0289567
-2177.5 0.02972
-2176.5 0.0305004
-2175.5 0.031297
-2174.5 0.0321127
-2173.5 0.0329518
-2172.5 0.0338129
-2171.5 0.0346915
-2170.5 0.0355884
-2169.5 0.0365057
-2168.5 0.0374417
-2167.5 0.0383991
-2166.5 0.039381
-2165.5 0.0403814
-2164.5 0.0414008
-2163.5 0.0424362
-2162.5 0.0434913
-2161.5 0.0445667
-2160.5 0.0456616
-2159.5 0.0467714
-2158.5 0.0478961
-2157.5 0.0490341
-2156.5 0.0501865
-2155.5 0.0513535
-2154.5 0.052531
-2153.5 0.0537162
-2152.5 0.0549048
-2151.5 0.0560978
-2150.5 0.0572953
-2149.5 0.0584902
-2148.5 0.0596797
-2147.5 0.0608595
-2146.5 0.0620239
-2145.5 0.063175
-2144.5 0.0643052
-2143.5 0.0654023
-2142.5 0.0664626
-2141.5 0.0674836
-2140.5 0.0684621
-2139.5 0.0693839
-2138.5 0.0702391
-2137.5 0.0710196
-2136.5 0.0717178
-2135.5 0.0723227
-2134.5 0.0728236
-2133.5 0.0732087
-2132.5 0.0734648
-2131.5 0.0735792
-2130.5 0.0735378
-2129.5 0.0733289
-2128.5 0.0729367
-2127.5 0.0723434
-2126.5 0.071535
-2125.5 0.0704993
-2124.5 0.069223
-2123.5 0.0676862
-2122.5 0.0658722
-2121.5 0.0637727
-2120.5 0.0613833
-2119.5 0.0586841
-2118.5 0.0556549
-2117.5 0.0522879
-2116.5 0.0485817
-2115.5 0.0445485
-2114.5 0.0401734
-2113.5 0.0354447
-2112.5 0.0303704
-2111.5 0.0249524
-2110.5 0.0192068
-2109.5 0.0131468
-2108.5 0.00676198
-2107.5 6.9829e-05
-2106.5 -0.00690115
-2105.5 -0.0141057
-2104.5 -0.0215566
-2103.5 -0.0292577
-2102.5 -0.0371692
-2101.5 -0.0452245
-2100.5 -0.0533977
-2099.5 -0.0616932
-2098.5 -0.0701027
-2097.5 -0.0785885
-2096.5 -0.0870861
-2095.5 -0.095579
-2094.5 -0.10407
-2093.5 -0.112533
-2092.5 -0.120918
-2091.5 -0.129175
-2090.5 -0.137306
-2089.5 -0.145317
-2088.5 -0.153179
-2087.5 -0.160862
-2086.5 -0.168318
-2085.5 -0.175518
-2084.5 -0.182492
-2083.5 -0.189248
-2082.5 -0.195766
-2081.5 -0.201955
-2080.5 -0.207828
-2079.5 -0.213406
-2078.5 -0.2187
-2077.5 -0.223678
-2076.5 -0.228302
-2075.5 -0.232561
-2074.5 -0.236469
-2073.5 -0.24004
-2072.5 -0.243249
-2071.5 -0.246068
-2070.5 -0.248488
-2069.5 -0.250519
-2068.5 -0.252173
-2067.5 -0.25344
-2066.5 -0.254304
-2065.5 -0.254765
-2064.5 -0.254831
-2063.5 -0.254502
-2062.5 -0.253776
-2061.5 -0.252658
-2060.5 -0.251164
-2059.5 -0.249295
-2058.5 -0.24705
-2057.5 -0.244434
-2056.5 -0.241465
-2055.5 -0.238159
-2054.5 -0.23452
-2053.5 -0.230548
-2052.5 -0.226251
-2051.5 -0.221644
-2050.5 -0.216754
-2049.5 -0.211613
-2048.5 -0.206188
-2047.5 -0.200485
-2046.5 -0.19454
-2045.5 -0.188379
-2044.5 -0.182019
-2043.5 -0.175463
-2042.5 -0.16871
-2041.5 -0.161795
-2040.5 -0.154763
-2039.5 -0.147633
-2038.5 -0.140397
-2037.5 -0.133074
-2036.5 -0.125704
-2035.5 -0.118307
-2034.5 -0.11092
-2033.5 -0.103548
-2032.5 -0.0962104
-2031.5 -0.0889288
-2030.5 -0.0817446
-2029.5 -0.0746847
-2028.5 -0.0677392
-2027.5 -0.0609077
-2026.5 -0.0542189
-2025.5 -0.0476898
-2024.5 -0.041338
-2023.5 -0.0351338
-2022.5 -0.029085
-2021.5 -0.0232016
-2020.5 -0.0174748
-2019.5 -0.0118845
-2018.5 -0.00641444
-2017.5 -0.00105113
-2016.5 0.00422945
-2015.5 0.00944834
-2014.5 0.0146285
-2013.5 0.0198109
-2012.5 0.0250338
-2011.5 0.0303141
-2010.5 0.0356738
-2009.5 0.0411687
-2008.5 0.0468413
-2007.5 0.0527087
-2006.5 0.0587809
-2005.5 0.0651033
-2004.5 0.0717124
-2003.5 0.0786517
-2002.5 0.0859358
-2001.5 0.0935287
-2000.5 0.101446
-1999.5 0.109708
-1998.5 0.11837
-1997.5 0.127426
-1996.5 0.136788
-1995.5 0.146426
-1994.5 0.156381
-1993.5 0.166667
-1992.5 0.17722
-1991.5 0.187929
-1990.5 0.19873
-1989.5 0.209635
-1988.5 0.22067
-1987.5 0.231743
-1986.5 0.242701
-1985.5 0.253457
-1984.5 0.263994
-1983.5 0.27437
-1982.5 0.284458
-1981.5 0.294089
-1980.5 0.303223
-1979.5 0.311812
-1978.5 0.319847
-1977.5 0.327286
-1976.5 0.334043
-1975.5 0.340007
-1974.5 0.345164
-1973.5 0.349512
-1972.5 0.353027
-1971.5 0.355656
-1970.5 0.357361
-1969.5 0.358135
-1968.5 0.35797
-1967.5 0.356859
-1966.5 0.354787
-1965.5 0.351754
-1964.5 0.347785
-1963.5 0.342894
-1962.5 0.337076
-1961.5 0.330331
-1960.5 0.322686
-1959.5 0.31421
-1958.5 0.304963
-1957.5 0.294923
-1956.5 0.284115
-1955.5 0.272598
-1954.5 0.260421
-1953.5 0.247668
-1952.5 0.234316
-1951.5 0.220458
-1950.5 0.206123
-1949.5 0.191386
-1948.5 0.176265
-1947.5 0.160771
-1946.5 0.144951
-1945.5 0.128867
-1944.5 0.11258
-1943.5 0.0960941
-1942.5 0.0794556
-1941.5 0.0627091
-1940.5 0.0458204
-1939.5 0.0288625
-1938.5 0.0118796
-1937.5 -0.00518164
-1936.5 -0.0222676
-1935.5 -0.039288
-1934.5 -0.0562225
-1933.5 -0.0731129
-1932.5 -0.0899247
-1931.5 -0.106625
-1930.5 -0.123134
-1929.5 -0.139419
-1928.5 -0.155523
-1927.5 -0.171399
-1926.5 -0.186938
-1925.5 -0.202104
-1924.5 -0.21686
-1923.5 -0.231213
-1922.5 -0.245143
-1921.5 -0.25855
-1920.5 -0.271335
-1919.5 -0.283455
-1918.5 -0.294907
-1917.5 -0.305727
-1916.5 -0.315802
-1915.5 -0.325018
-1914.5 -0.333359
-1913.5 -0.340845
-1912.5 -0.347472
-1911.5 -0.353168
-1910.5 -0.357872
-1909.5 -0.361585
-1908.5 -0.364314
-1907.5 -0.366044
-1906.5 -0.366759
-1905.5 -0.366454
-1904.5 -0.365134
-1903.5 -0.362803
-1902.5 -0.359463
-1901.5 -0.355142
-1900.5 -0.349846
-1899.5 -0.343612
-1898.5 -0.336456
-1897.5 -0.328374
-1896.5 -0.319419
-1895.5 -0.309661
-1894.5 -0.299154
-1893.5 -0.28788
-1892.5 -0.275882
-1891.5 -0.263225
-1890.5 -0.249997
-1889.5 -0.236218
-1888.5 -0.221911
-1887.5 -0.207154
-1886.5 -0.191997
-1885.5 -0.176477
-1884.5 -0.160611
-1883.5 -0.144435
-1882.5 -0.128013
-1881.5 -0.111382
-1880.5 -0.0945668
-1879.5 -0.077627
-1878.5 -0.0605547
-1877.5 -0.0433658
-1876.5 -0.0261361
-1875.5 -0.00888483
-1874.5 0.00835053
-1873.5 0.0255968
-1872.5 0.0428595
-1871.5 0.0600063
-1870.5 0.0770099
-1869.5 0.0939166
-1868.5 0.11069
-1867.5 0.127259
-1866.5 0.143616
-1865.5 0.159705
-1864.5 0.175482
-1863.5 0.190938
-1862.5 0.206046
-1861.5 0.220714
-1860.5 0.234886
-1859.5 0.248547
-1858.5 0.261674
-1857.5 0.274215
-1856.5 0.2861
-1855.5 0.2973
-1854.5 0.307735
-1853.5 0.31737
-1852.5 0.326221
-1851.5 0.334258
-1850.5 0.341419
-1849.5 0.347665
-1848.5 0.35298
-1847.5 0.35735
-1846.5 0.360778
-1845.5 0.363246
-1844.5 0.364727
-1843.5 0.365226
-1842.5 0.364753
-1841.5 0.363307
-1840.5 0.360891
-1839.5 0.357522
-1838.5 0.353201
-1837.5 0.34796
-1836.5 0.341852
-1835.5 0.334891
-1834.5 0.327062
-1833.5 0.318381
-1832.5 0.308917
-1831.5 0.298756
-1830.5 0.287948
-1829.5 0.276459
-1828.5 0.264318
-1827.5 0.25162
-1826.5 0.238446
-1825.5 0.224839
-1824.5 0.21081
-1823.5 0.196346
-1822.5 0.181489
-1821.5 0.166349
-1820.5 0.151041
-1819.5 0.13556
-1818.5 0.119807
-1817.5 0.103778
-1816.5 0.0876739
-1815.5 0.0715666
-1814.5 0.0554205
-1813.5 0.0391866
-1812.5 0.0228416
-1811.5 0.00650859
-1810.5 -0.00972718
-1809.5 -0.025895
-1808.5 -0.0419964
-1807.5 -0.058014
-1806.5 -0.0739246
-1805.5 -0.0896597
-1804.5 -0.105147
-1803.5 -0.1204
-1802.5 -0.135441
-1801.5 -0.150221
-1800.5 -0.164657
-1799.5 -0.178665
-1798.5 -0.192287
-1797.5 -0.205497
-1796.5 -0.218186
-1795.5 -0.230324
-1794.5 -0.241868
-1793.5 -0.252803
-1792.5 -0.263061
-1791.5 -0.272609
-1790.5 -0.281403
-1789.5 -0.289422
-1788.5 -0.296634
-1787.5 -0.302994
-1786.5 -0.308479
-1785.5 -0.31308
-1784.5 -0.316781
-1783.5 -0.319564
-1782.5 -0.321416
-1781.5 -0.322332
-1780.5 -0.322315
-1779.5 -0.321363
-1778.5 -0.319485
-1777.5 -0.31669
-1776.5 -0.312998
-1775.5 -0.308432
-1774.5 -0.302979
-1773.5 -0.29668
-1772.5 -0.289584
-1771.5 -0.28174
-1770.5 -0.273171
-1769.5 -0.263872
-1768.5 -0.253877
-1767.5 -0.243241
-1766.5 -0.232065
-1765.5 -0.220428
-1764.5 -0.208329
-1763.5 -0.195697
-1762.5 -0.182632
-1761.5 -0.169234
-1760.5 -0.155552
-1759.5 -0.141614
-1758.5 -0.127398
-1757.5 -0.11294
-1756.5 -0.09833
-1755.5 -0.0836104
-1754.5 -0.0687685
-1753.5 -0.0537802
-1752.5 -0.0386899
-1751.5 -0.0235813
-1750.5 -0.00841717
-1749.5 0.00673538
-1748.5 0.0218523
-1747.5 0.0369895
-1746.5 0.0520979
-1745.5 0.0671245
-1744.5 0.0820218
-1743.5 0.0968006
-1742.5 0.111459
-1741.5 0.125949
-1740.5 0.140224
-1739.5 0.154264
-1738.5 0.168051
-1737.5 0.181515
-1736.5 0.194605
-1735.5 0.207308
-1734.5 0.219584
-1733.5 0.231396
-1732.5 0.242687
-1731.5 0.253413
-1730.5 0.263542
-1729.5 0.273
-1728.5 0.281742
-1727.5 0.289764
-1726.5 0.297026
-1725.5 0.303469
-1724.5 0.309075
-1723.5 0.313833
-1722.5 0.31771
-1721.5 0.320683
-1720.5 0.322736
-1719.5 0.323867
-1718.5 0.324068
-1717.5 0.323326
-1716.5 0.321648
-1715.5 0.31905
-1714.5 0.31554
-1713.5 0.311107
-1712.5 0.305769
-1711.5 0.299576
-1710.5 0.292555
-1709.5 0.2847
-1708.5 0.276034
-1707.5 0.266612
-1706.5 0.256513
-1705.5 0.245773
-1704.5 0.23439
-1703.5 0.222359
-1702.5 0.209742
-1701.5 0.196684
-1700.5 0.183236
-1699.5 0.169383
-1698.5 0.155072
-1697.5 0.140353
-1696.5 0.125414
-1695.5 0.110247
-1694.5 0.094909
-1693.5 0.0793291
-1692.5 0.0635424
-1691.5 0.0476165
-1690.5 0.0315914
-1689.5 0.0155184
-1688.5 -0.00060928
-1687.5 -0.0168408
-1686.5 -0.0330548
-1685.5 -0.0492264
-1684.5 -0.0653617
-1683.5 -0.0814615
-1682.5 -0.0975052
-1681.5 -0.113444
-1680.5 -0.129204
-1679.5 -0.144789
-1678.5 -0.160203
-1677.5 -0.175364
-1676.5 -0.190224
-1675.5 -0.204768
-1674.5 -0.21897
-1673.5 -0.232774
-1672.5 -0.246132
-1671.5 -0.258963
-1670.5 -0.271255
-1669.5 -0.282976
-1668.5 -0.294082
-1667.5 -0.304517
-1666.5 -0.314189
-1665.5 -0.323058
-1664.5 -0.331145
-1663.5 -0.338404
-1662.5 -0.344786
-1661.5 -0.350245
-1660.5 -0.354761
-1659.5 -0.358328
-1658.5 -0.360932
-1657.5 -0.362549
-1656.5 -0.36317
-1655.5 -0.362793
-1654.5 -0.36142
-1653.5 -0.359048
-1652.5 -0.355677
-1651.5 -0.351332
-1650.5 -0.346043
-1649.5 -0.339821
-1648.5 -0.332669
-1647.5 -0.324609
-1646.5 -0.315699
-1645.5 -0.305982
-1644.5 -0.295511
-1643.5 -0.284314
-1642.5 -0.272374
-1641.5 -0.259774
-1640.5 -0.246597
-1639.5 -0.23294
-1638.5 -0.218757
-1637.5 -0.204075
-1636.5 -0.188961
-1635.5 -0.17349
-1634.5 -0.157728
-1633.5 -0.141706
-1632.5 -0.125411
-1631.5 -0.108874
-1630.5 -0.0921603
-1629.5 -0.0753712
-1628.5 -0.0584784
-1627.5 -0.0413971
-1626.5 -0.0242175
-1625.5 -0.00706984
-1624.5 0.00999067
-1623.5 0.027057
-1622.5 0.0441806
-1621.5 0.0612589
-1620.5 0.0781969
-1619.5 0.0949712
-1618.5 0.111633
-1617.5 0.128151
-1616.5 0.144483
-1615.5 0.160504
-1614.5 0.17618
-1613.5 0.191575
-1612.5 0.206668
-1611.5 0.221342
-1610.5 0.235542
-1609.5 0.249177
-1608.5 0.26228
-1607.5 0.27484
-1606.5 0.286753
-1605.5 0.297953
-1604.5 0.308423
-1603.5 0.318128
-1602.5 0.327016
-1601.5 0.335036
-1600.5 0.342158
-1599.5 0.348372
-1598.5 0.353652
-1597.5 0.357966
-1596.5 0.361299
-1595.5 0.36363
-1594.5 0.364952
-1593.5 0.365269
-1592.5 0.364576
-1591.5 0.362867
-1590.5 0.360161
-1589.5 0.356481
-1588.5 0.351826
-1587.5 0.346186
-1586.5 0.339604
-1585.5 0.332141
-1584.5 0.32381
-1583.5 0.314634
-1582.5 0.304658
-1581.5 0.293901
-1580.5 0.282446
-1579.5 0.270314
-1578.5 0.257576
-1577.5 0.24425
-1576.5 0.230366
-1575.5 0.216021
-1574.5 0.201272
-1573.5 0.186136
-1572.5 0.1706
-1571.5 0.154733
-1570.5 0.138628
-1569.5 0.122364
-1568.5 0.105894
-1567.5 0.0891367
-1566.5 0.0722247
-1565.5 0.0553365
-1564.5 0.0383892
-1563.5 0.0213336
-1562.5 0.00420318
-1561.5 -0.012951
-1560.5 -0.0300712
-1559.5 -0.0470757
-1558.5 -0.063985
-1557.5 -0.0808362
-1556.5 -0.0976113
-1555.5 -0.114266
-1554.5 -0.130708
-1553.5 -0.146894
-1552.5 -0.162817
-1551.5 -0.178461
-1550.5 -0.193783
-1549.5 -0.20871
-1548.5 -0.223215
-1547.5 -0.237272
-1546.5 -0.250809
-1545.5 -0.263785
-1544.5 -0.276142
-1543.5 -0.287806
-1542.5 -0.298784
-1541.5 -0.30904
-1540.5 -0.318525
-1539.5 -0.32717
-1538.5 -0.334911
-1537.5 -0.341753
-1536.5 -0.347703
-1535.5 -0.352711
-1534.5 -0.356747
-1533.5 -0.3598
-1532.5 -0.361854
-1531.5 -0.362909
-1530.5 -0.362968
-1529.5 -0.362029
-1528.5 -0.36009
-1527.5 -0.357168
-1526.5 -0.353291
-1525.5 -0.348473
-1524.5 -0.342726
-1523.5 -0.336065
-1522.5 -0.328508
-1521.5 -0.320123
-1520.5 -0.310989
-1519.5 -0.301118
-1518.5 -0.290491
-1517.5 -0.279129
-1516.5 -0.267137
-1515.5 -0.254654
-1514.5 -0.241715
-1513.5 -0.22824
-1512.5 -0.214207
-1511.5 -0.199823
-1510.5 -0.185191
-1509.5 -0.17031
-1508.5 -0.155084
-1507.5 -0.139572
-1506.5 -0.123866
-1505.5 -0.108032
-1504.5 -0.0921075
-1503.5 -0.0760821
-1502.5 -0.0599605
-1501.5 -0.043794
-1500.5 -0.0276138
-1499.5 -0.0114375
-1498.5 0.00473202
-1497.5 0.0208565
-1496.5 0.0369174
-1495.5 0.0528951
-1494.5 0.0687081
-1493.5 0.0843716
-1492.5 0.0998763
-1491.5 0.115174
-1490.5 0.130233
-1489.5 0.145034
-1488.5 0.159553
-1487.5 0.173672
-1486.5 0.187351
-1485.5 0.200655
-1484.5 0.213549
-1483.5 0.225914
-1482.5 0.237682
-1481.5 0.248799
-1480.5 0.259276
-1479.5 0.269125
-1478.5 0.27828
-1477.5 0.286644
-1476.5 0.294179
-1475.5 0.300883
-1474.5 0.306767
-1473.5 0.311802
-1472.5 0.315922
-1471.5 0.319115
-1470.5 0.321385
-1469.5 0.322736
-1468.5 0.323159
-1467.5 0.322641
-1466.5 0.321191
-1465.5 0.31883
-1464.5 0.315572
-1463.5 0.311416
-1462.5 0.306351
-1461.5 0.300422
-1460.5 0.293699
-1459.5 0.286219
-1458.5 0.277991
-1457.5 0.268986
-1456.5 0.259252
-1455.5 0.248902
-1454.5 0.238001
-1453.5 0.226554
-1452.5 0.214577
-1451.5 0.202079
-1450.5 0.189166
-1449.5 0.175936
-1448.5 0.162397
-1447.5 0.148539
-1446.5 0.134345
-1445.5 0.119875
-1444.5 0.105279
-1443.5 0.0906306
-1442.5 0.0758233
-1441.5 0.060785
-1440.5 0.045612
-1439.5 0.0304738
-1438.5 0.0153557
-1437.5 0.00015858
-1436.5 -0.0150956
-1435.5 -0.0303188
-1434.5 -0.0454654
-1433.5 -0.0605198
-1432.5 -0.0755296
-1431.5 -0.0904756
-1430.5 -0.105262
-1429.5 -0.119851
-1428.5 -0.134255
-1427.5 -0.14845
-1426.5 -0.162381
-1425.5 -0.176048
-1424.5 -0.18941
-1423.5 -0.202359
-1422.5 -0.214863
-1421.5 -0.226922
-1420.5 -0.238492
-1419.5 -0.24952
-1418.5 -0.259954
-1417.5 -0.269766
-1416.5 -0.278896
-1415.5 -0.287271
-1414.5 -0.294904
-1413.5 -0.301767
-1412.5 -0.30783
-1411.5 -0.313029
-1410.5 -0.317339
-1409.5 -0.320754
-1408.5 -0.323276
-1407.5 -0.324879
-1406.5 -0.325545
-1405.5 -0.325279
-1404.5 -0.324081
-1403.5 -0.321943
-1402.5 -0.31887
-1401.5 -0.314889
-1400.5 -0.310016
-1399.5 -0.304266
-1398.5 -0.297662
-1397.5 -0.290212
-1396.5 -0.281947
-1395.5 -0.272916
-1394.5 -0.263161
-1393.5 -0.252723
-1392.5 -0.241633
-1391.5 -0.229922
-1390.5 -0.217618
-1389.5 -0.204793
-1388.5 -0.191506
-1387.5 -0.177788
-1386.5 -0.16366
-1385.5 -0.149161
-1384.5 -0.134392
-1383.5 -0.119321
-1382.5 -0.103963
-1381.5 -0.0883986
-1380.5 -0.072694
-1379.5 -0.0568363
-1378.5 -0.0408394
-1377.5 -0.0247
-1376.5 -0.00849302
-1375.5 0.0077431
-1374.5 0.024042
-1373.5 0.0403488
-1372.5 0.0565977
-1371.5 0.0727953
-1370.5 0.0889687
-1369.5 0.105047
-1368.5 0.120985
-1367.5 0.136799
-1366.5 0.152439
-1365.5 0.167861
-1364.5 0.182972
-1363.5 0.197791
-1362.5 0.212318
-1361.5 0.226484
-1360.5 0.240201
-1359.5 0.253409
-1358.5 0.266101
-1357.5 0.278255
-1356.5 0.2898
-1355.5 0.300696
-1354.5 0.310856
-1353.5 0.320259
-1352.5 0.328869
-1351.5 0.336651
-1350.5 0.343578
-1349.5 0.349607
-1348.5 0.354698
-1347.5 0.358841
-1346.5 0.362025
-1345.5 0.364229
-1344.5 0.365439
-1343.5 0.365646
-1342.5 0.364849
-1341.5 0.363044
-1340.5 0.360242
-1339.5 0.356464
-1338.5 0.35171
-1337.5 0.345997
-1336.5 0.33936
-1335.5 0.331817
-1334.5 0.323405
-1333.5 0.314147
-1332.5 0.304076
-1331.5 0.293237
-1330.5 0.281695
-1329.5 0.269496
-1328.5 0.256681
-1327.5 0.243304
-1326.5 0.22935
-1325.5 0.214906
-1324.5 0.200038
-1323.5 0.184793
-1322.5 0.169191
-1321.5 0.15328
-1320.5 0.137127
-1319.5 0.120718
-1318.5 0.104095
-1317.5 0.0873132
-1316.5 0.0704105
-1315.5 0.0534497
-1314.5 0.0364002
-1313.5 0.019255
-1312.5 0.00202704
-1311.5 -0.0151908
-1310.5 -0.0323613
-1309.5 -0.0494224
-1308.5 -0.066452
-1307.5 -0.0834625
-1306.5 -0.100346
-1305.5 -0.117023
-1304.5 -0.133463
-1303.5 -0.149719
-1302.5 -0.165807
-1301.5 -0.181603
-1300.5 -0.196986
-1299.5 -0.211959
-1298.5 -0.226529
-1297.5 -0.240664
-1296.5 -0.254293
-1295.5 -0.267343
-1294.5 -0.279756
-1293.5 -0.291488
-1292.5 -0.302523
-1291.5 -0.312821
-1290.5 -0.322317
-1289.5 -0.330974
-1288.5 -0.338738
-1287.5 -0.345579
-1286.5 -0.351488
-1285.5 -0.356439
-1284.5 -0.360394
-1283.5 -0.363373
-1282.5 -0.365335
-1281.5 -0.366264
-1280.5 -0.366164
-1279.5 -0.365049
-1278.5 -0.362915
-1277.5 -0.359754
-1276.5 -0.355576
-1275.5 -0.350426
-1274.5 -0.344352
-1273.5 -0.337365
-1272.5 -0.329443
-1271.5 -0.320611
-1270.5 -0.310946
-1269.5 -0.300514
-1268.5 -0.289382
-1267.5 -0.277564
-1266.5 -0.265042
-1265.5 -0.251892
-1264.5 -0.238225
-1263.5 -0.224062
-1262.5 -0.209429
-1261.5 -0.194388
-1260.5 -0.178905
-1259.5 -0.16311
-1258.5 -0.147133
-1257.5 -0.130861
-1256.5 -0.114396
-1255.5 -0.0977086
-1254.5 -0.0808651
-1253.5 -0.0639412
-1252.5 -0.0469253
-1251.5 -0.0298079
-1250.5 -0.0126661
-1249.5 0.00446815
-1248.5 0.0216033
-1247.5 0.0387028
-1246.5 0.0557268
-1245.5 0.072677
-1244.5 0.0895223
-1243.5 0.106232
-1242.5 0.122778
-1241.5 0.139117
-1240.5 0.155224
-1239.5 0.17104
-1238.5 0.18652
-1237.5 0.201649
-1236.5 0.216438
-1235.5 0.230778
-1234.5 0.244589
-1233.5 0.257811
-1232.5 0.270466
-1231.5 0.282562
-1230.5 0.293968
-1229.5 0.304586
-1228.5 0.314432
-1227.5 0.323514
-1226.5 0.331755
-1225.5 0.339114
-1224.5 0.345564
-1223.5 0.351054
-1222.5 0.355568
-1221.5 0.359116
-1220.5 0.361698
-1219.5 0.36329
-1218.5 0.363868
-1217.5 0.363437
-1216.5 0.362025
-1215.5 0.359643
-1214.5 0.35626
-1213.5 0.351869
-1212.5 0.346537
-1211.5 0.340348
-1210.5 0.333304
-1209.5 0.325363
-1208.5 0.316563
-1207.5 0.306922
-1206.5 0.296595
-1205.5 0.28568
-1204.5 0.274127
-1203.5 0.261853
-1202.5 0.248929
-1201.5 0.23555
-1200.5 0.221881
-1199.5 0.207831
-1198.5 0.193268
-1197.5 0.178285
-1196.5 0.163051
-1195.5 0.147693
-1194.5 0.132204
-1193.5 0.116488
-1192.5 0.100476
-1191.5 0.0843027
-1190.5 0.0681758
-1189.5 0.0520969
-1188.5 0.035969
-1187.5 0.0196826
-1186.5 0.00338252
-1185.5 -0.0128041
-1184.5 -0.0288002
-1183.5 -0.0447524
-1182.5 -0.060695
-1181.5 -0.0765558
-1180.5 -0.0922097
-1179.5 -0.107591
-1178.5 -0.122707
-1177.5 -0.13766
-1176.5 -0.15241
-1175.5 -0.166781
-1174.5 -0.180677
-1173.5 -0.194125
-1172.5 -0.207232
-1171.5 -0.219913
-1170.5 -0.232022
-1169.5 -0.243493
-1168.5 -0.254315
-1167.5 -0.264528
-1166.5 -0.274072
-1165.5 -0.28284
-1164.5 -0.290801
-1163.5 -0.297963
-1162.5 -0.304326
-1161.5 -0.309839
-1160.5 -0.314437
-1159.5 -0.318113
-1158.5 -0.320887
-1157.5 -0.322753
-1156.5 -0.323683
-1155.5 -0.323672
-1154.5 -0.322739
-1153.5 -0.320884
-1152.5 -0.318092
-1151.5 -0.314397
-1150.5 -0.309859
-1149.5 -0.304461
-1148.5 -0.298177
-1147.5 -0.29104
-1146.5 -0.283168
-1145.5 -0.274647
-1144.5 -0.265416
-1143.5 -0.255397
-1142.5 -0.244714
-1141.5 -0.233555
-1140.5 -0.221974
-1139.5 -0.209848
-1138.5 -0.197105
-1137.5 -0.183966
-1136.5 -0.170619
-1135.5 -0.157062
-1134.5 -0.143129
-1133.5 -0.128803
-1132.5 -0.114205
-1131.5 -0.0995982
-1130.5 -0.0849647
-1129.5 -0.0701375
-1128.5 -0.0550187
-1127.5 -0.0397958
-1126.5 -0.0246332
-1125.5 -0.00960559
-1124.5 0.00545087
-1123.5 0.020711
-1122.5 0.0360194
-1121.5 0.0511303
-1120.5 0.0660296
-1119.5 0.0808537
-1118.5 0.0956941
-1117.5 0.110518
-1116.5 0.125091
-1115.5 0.139281
-1114.5 0.153195
-1113.5 0.166965
-1112.5 0.180593
-1111.5 0.193794
-1110.5 0.206465
-1109.5 0.218659
-1108.5 0.230505
-1107.5 0.241885
-1106.5 0.252677
-1105.5 0.262773
-1104.5 0.272176
-1103.5 0.280942
-1102.5 0.289048
-1101.5 0.296348
-1100.5 0.302792
-1099.5 0.3084
-1098.5 0.313196
-1097.5 0.317132
-1096.5 0.320136
-1095.5 0.322208
-1094.5 0.323369
-1093.5 0.323603
-1092.5 0.322894
-1091.5 0.321252
-1090.5 0.318692
-1089.5 0.315211
-1088.5 0.3108
-1087.5 0.305486
-1086.5 0.299331
-1085.5 0.292342
-1084.5 0.284505
-1083.5 0.275874
-1082.5 0.266484
-1081.5 0.256399
-1080.5 0.245665
-1079.5 0.234272
-1078.5 0.222245
-1077.5 0.209677
-1076.5 0.196622
-1075.5 0.183139
-1074.5 0.169197
-1073.5 0.154844
-1072.5 0.140209
-1071.5 0.125298
-1070.5 0.110086
-1069.5 0.0946195
-1068.5 0.078934
-1067.5 0.0631107
-1066.5 0.0471791
-1065.5 0.0311321
-1064.5 0.0149319
-1063.5 -0.00137579
-1062.5 -0.0176407
-1061.5 -0.033871
-1060.5 -0.0501505
-1059.5 -0.0664933
-1058.5 -0.0827494
-1057.5 -0.0988637
-1056.5 -0.114869
-1055.5 -0.130768
-1054.5 -0.146486
-1053.5 -0.162003
-1052.5 -0.177329
-1051.5 -0.192371
-1050.5 -0.207013
-1049.5 -0.221336
-1048.5 -0.235288
-1047.5 -0.248814
-1046.5 -0.261861
-1045.5 -0.274318
-1044.5 -0.286156
-1043.5 -0.29735
-1042.5 -0.307891
-1041.5 -0.31774
-1040.5 -0.326784
-1039.5 -0.334971
-1038.5 -0.342307
-1037.5 -0.348787
-1036.5 -0.354374
-1035.5 -0.359005
-1034.5 -0.362649
-1033.5 -0.365306
-1032.5 -0.366985
-1031.5 -0.367664
-1030.5 -0.367325
-1029.5 -0.365985
-1028.5 -0.363649
-1027.5 -0.360281
-1026.5 -0.355912
-1025.5 -0.350599
-1024.5 -0.344384
-1023.5 -0.337233
-1022.5 -0.329124
-1021.5 -0.320133
-1020.5 -0.310368
-1019.5 -0.299874
-1018.5 -0.288623
-1017.5 -0.276558
-1016.5 -0.263832
-1015.5 -0.250583
-1014.5 -0.236882
-1013.5 -0.222605
-1012.5 -0.207735
-1011.5 -0.192453
-1010.5 -0.176911
-1009.5 -0.16114
-1008.5 -0.144999
-1007.5 -0.128453
-1006.5 -0.1117
-1005.5 -0.0949346
-1004.5 -0.0780754
-1003.5 -0.0610477
-1002.5 -0.0437621
-1001.5 -0.0264046
-1000.5 -0.00914616
-999.5 0.0079956
-998.5 0.0252267
-997.5 0.0426139
-996.5 0.0599912
-995.5 0.0770583
-994.5 0.0939022
-993.5 0.110682
-992.5 0.127507
-991.5 0.144101
-990.5 0.160312
-989.5 0.176162
-988.5 0.191741
-987.5 0.207073
-986.5 0.222048
-985.5 0.236515
-984.5 0.250377
-983.5 0.263675
-982.5 0.276474
-981.5 0.288721
-980.5 0.30023
-979.5 0.310885
-978.5 0.320746
-977.5 0.329877
-976.5 0.338189
-975.5 0.345565
-974.5 0.351965
-973.5 0.357405
-972.5 0.3619
-971.5 0.365402
-970.5 0.367893
-969.5 0.369354
-968.5 0.369788
-967.5 0.369195
-966.5 0.367575
-965.5 0.364928
-964.5 0.361276
-963.5 0.356638
-962.5 0.351021
-961.5 0.344456
-960.5 0.336966
-959.5 0.328595
-958.5 0.319396
-957.5 0.309364
-956.5 0.298522
-955.5 0.286973
-954.5 0.274784
-953.5 0.261956
-952.5 0.248519
-951.5 0.234532
-950.5 0.220098
-949.5 0.205261
-948.5 0.190004
-947.5 0.174322
-946.5 0.158335
-945.5 0.142121
-944.5 0.125768
-943.5 0.109238
-942.5 0.0924157
-941.5 0.0753836
-940.5 0.0583236
-939.5 0.0413145
-938.5 0.02428
-937.5 0.00710351
-936.5 -0.0101866
-935.5 -0.0273866
-934.5 -0.0444207
-933.5 -0.061367
-932.5 -0.0782978
-931.5 -0.0951986
-930.5 -0.111895
-929.5 -0.128277
-928.5 -0.144397
-927.5 -0.160371
-926.5 -0.17615
-925.5 -0.191565
-924.5 -0.206468
-923.5 -0.220884
-922.5 -0.234919
-921.5 -0.248614
-920.5 -0.26165
-919.5 -0.27395
-918.5 -0.285594
-917.5 -0.296637
-916.5 -0.306982
-915.5 -0.316479
-914.5 -0.325106
-913.5 -0.332881
-912.5 -0.339793
-911.5 -0.345794
-910.5 -0.350843
-909.5 -0.354913
-908.5 -0.357992
-907.5 -0.360099
-906.5 -0.361223
-905.5 -0.361337
-904.5 -0.360457
-903.5 -0.358591
-902.5 -0.35573
-901.5 -0.351905
-900.5 -0.347153
-899.5 -0.34148
-898.5 -0.33488
-897.5 -0.327371
-896.5 -0.319046
-895.5 -0.30999
-894.5 -0.300174
-893.5 -0.289583
-892.5 -0.278288
-891.5 -0.266379
-890.5 -0.253995
-889.5 -0.241098
-888.5 -0.227646
-887.5 -0.213683
-886.5 -0.199381
-885.5 -0.184805
-884.5 -0.169923
-883.5 -0.154705
-882.5 -0.139218
-881.5 -0.123598
-880.5 -0.107915
-879.5 -0.0921031
-878.5 -0.076032
-877.5 -0.0598469
-876.5 -0.0437806
-875.5 -0.0277684
-874.5 -0.0116116
-873.5 0.00456513
-872.5 0.0206397
-871.5 0.0365664
-870.5 0.0524059
-869.5 0.0681883
-868.5 0.0838714
-867.5 0.099374
-866.5 0.114526
-865.5 0.129419
-864.5 0.144213
-863.5 0.158758
-862.5 0.172854
-861.5 0.186441
-860.5 0.199622
-859.5 0.212485
-858.5 0.224864
-857.5 0.23658
-856.5 0.247626
-855.5 0.258104
-854.5 0.268004
-853.5 0.277149
-852.5 0.28545
-851.5 0.29295
-850.5 0.299701
-849.5 0.305639
-848.5 0.310669
-847.5 0.314793
-846.5 0.31801
-845.5 0.320325
-844.5 0.321719
-843.5 0.322183
-842.5 0.321712
-841.5 0.320328
-840.5 0.318032
-839.5 0.314819
-838.5 0.310698
-837.5 0.305727
-836.5 0.299934
-835.5 0.2933
-834.5 0.285856
-833.5 0.277645
-832.5 0.268719
-831.5 0.259149
-830.5 0.248946
-829.5 0.238126
-828.5 0.226719
-827.5 0.214795
-826.5 0.202456
-825.5 0.189695
-824.5 0.176557
-823.5 0.163046
-822.5 0.149233
-821.5 0.135147
-820.5 0.120841
-819.5 0.106358
-818.5 0.0917476
-817.5 0.0769562
-816.5 0.0620082
-815.5 0.0469889
-814.5 0.0319497
-813.5 0.0168848
-812.5 0.00172304
-811.5 -0.0134806
-810.5 -0.0286041
-809.5 -0.043585
-808.5 -0.0585678
-807.5 -0.0735885
-806.5 -0.0884912
-805.5 -0.103175
-804.5 -0.11766
-803.5 -0.132043
-802.5 -0.146271
-801.5 -0.160158
-800.5 -0.173702
-799.5 -0.186983
-798.5 -0.199941
-797.5 -0.212476
-796.5 -0.224534
-795.5 -0.236066
-794.5 -0.247055
-793.5 -0.257518
-792.5 -0.267354
-791.5 -0.276517
-790.5 -0.284926
-789.5 -0.292557
-788.5 -0.299457
-787.5 -0.305586
-786.5 -0.310841
-785.5 -0.315184
-784.5 -0.31866
-783.5 -0.321264
-782.5 -0.322943
-781.5 -0.323682
-780.5 -0.323493
-779.5 -0.322375
-778.5 -0.320326
-777.5 -0.317352
-776.5 -0.313458
-775.5 -0.308683
-774.5 -0.303045
-773.5 -0.296545
-772.5 -0.289165
-771.5 -0.280964
-770.5 -0.272075
-769.5 -0.262499
-768.5 -0.252151
-767.5 -0.241065
-766.5 -0.22941
-765.5 -0.217303
-764.5 -0.204679
-763.5 -0.191464
-762.5 -0.177721
-761.5 -0.16362
-760.5 -0.149293
-759.5 -0.134685
-758.5 -0.119709
-757.5 -0.104321
-756.5 -0.0887577
-755.5 -0.0731895
-754.5 -0.0575047
-753.5 -0.0415151
-752.5 -0.0252823
-751.5 -0.00909184
-750.5 0.00700743
-749.5 0.0231458
-748.5 0.0394268
-747.5 0.0557925
-746.5 0.0720907
-745.5 0.0881468
-744.5 0.104082
-743.5 0.120003
-742.5 0.135937
-741.5 0.151638
-740.5 0.166992
-739.5 0.18203
-738.5 0.196857
-737.5 0.211533
-736.5 0.225766
-735.5 0.239433
-734.5 0.252604
-733.5 0.26538
-732.5 0.277682
-731.5 0.289285
-730.5 0.300117
-729.5 0.310258
-728.5 0.319745
-727.5 0.328468
-726.5 0.336297
-725.5 0.343219
-724.5 0.349246
-723.5 0.354373
-722.5 0.358571
-721.5 0.361773
-720.5 0.363976
-719.5 0.365176
-718.5 0.36538
-717.5 0.364565
-716.5 0.362733
-715.5 0.359913
-714.5 0.35613
-713.5 0.351344
-712.5 0.345536
-711.5 0.338816
-710.5 0.331242
-709.5 0.322792
-708.5 0.313468
-707.5 0.303282
-706.5 0.292313
-705.5 0.280701
-704.5 0.268487
-703.5 0.255586
-702.5 0.241992
-701.5 0.227836
-700.5 0.213297
-699.5 0.198441
-698.5 0.183148
-697.5 0.167383
-696.5 0.151255
-695.5 0.13496
-694.5 0.118607
-693.5 0.101969
-692.5 0.0850173
-691.5 0.0678755
-690.5 0.050756
-689.5 0.0337078
-688.5 0.0165585
-687.5 -0.000721742
-686.5 -0.0181649
-685.5 -0.0354191
-684.5 -0.0524321
-683.5 -0.0693701
-682.5 -0.0864916
-681.5 -0.103546
-680.5 -0.120223
-679.5 -0.136568
-678.5 -0.152759
-677.5 -0.168856
-676.5 -0.184668
-675.5 -0.19999
-674.5 -0.214843
-673.5 -0.229304
-672.5 -0.243428
-671.5 -0.257111
-670.5 -0.270055
-669.5 -0.282264
-668.5 -0.293854
-667.5 -0.304884
-666.5 -0.315168
-665.5 -0.324556
-664.5 -0.333018
-663.5 -0.340635
-662.5 -0.347464
-661.5 -0.353354
-660.5 -0.358203
-659.5 -0.362044
-658.5 -0.364938
-657.5 -0.366854
-656.5 -0.367729
-655.5 -0.367586
-654.5 -0.366441
-653.5 -0.364272
-652.5 -0.361063
-651.5 -0.356867
-650.5 -0.351755
-649.5 -0.345726
-648.5 -0.338702
-647.5 -0.330691
-646.5 -0.321864
-645.5 -0.312328
-644.5 -0.302024
-643.5 -0.290856
-642.5 -0.278852
-641.5 -0.266248
-640.5 -0.253239
-639.5 -0.239723
-638.5 -0.225476
-637.5 -0.210594
-636.5 -0.195431
-635.5 -0.1801
-634.5 -0.164467
-633.5 -0.148315
-632.5 -0.13177
-631.5 -0.115164
-630.5 -0.0985072
-629.5 -0.0817056
-628.5 -0.0646566
-627.5 -0.0473918
-626.5 -0.0301631
-625.5 -0.013055
-624.5 0.00408778
-623.5 0.0213711
-622.5 0.0387226
-621.5 0.0559014
-620.5 0.0728146
-619.5 0.0896637
-618.5 0.10652
-617.5 0.123243
-616.5 0.139641
-615.5 0.155663
-614.5 0.171412
-613.5 0.186956
-612.5 0.20224
-611.5 0.217036
-610.5 0.231247
-609.5 0.244963
-608.5 0.258244
-607.5 0.271027
-606.5 0.283044
-605.5 0.29429
-604.5 0.304832
-603.5 0.314686
-602.5 0.323748
-601.5 0.331899
-600.5 0.339131
-599.5 0.345474
-598.5 0.350915
-597.5 0.355396
-596.5 0.35888
-595.5 0.36137
-594.5 0.362878
-593.5 0.363388
-592.5 0.362894
-591.5 0.361398
-590.5 0.358919
-589.5 0.355478
-588.5 0.351073
-587.5 0.345698
-586.5 0.33942
-585.5 0.332273
-584.5 0.32429
-583.5 0.315453
-582.5 0.305843
-581.5 0.29552
-580.5 0.28451
-579.5 0.27283
-578.5 0.260541
-577.5 0.247684
-576.5 0.234365
-575.5 0.220609
-574.5 0.206422
-573.5 0.191863
-572.5 0.176977
-571.5 0.161796
-570.5 0.146366
-569.5 0.130756
-568.5 0.115
-567.5 0.0990838
-566.5 0.0830187
-565.5 0.0669042
-564.5 0.0507322
-563.5 0.0345605
-562.5 0.0183537
-561.5 0.002146
-560.5 -0.0140349
-559.5 -0.0301407
-558.5 -0.0461372
-557.5 -0.0620315
-556.5 -0.077809
-555.5 -0.0934168
-554.5 -0.108779
-553.5 -0.123881
-552.5 -0.138801
-551.5 -0.153474
-550.5 -0.167739
-549.5 -0.181606
-548.5 -0.195092
-547.5 -0.208157
-546.5 -0.220751
-545.5 -0.232749
-544.5 -0.244125
-543.5 -0.254915
-542.5 -0.265099
-541.5 -0.274574
-540.5 -0.283273
-539.5 -0.291147
-538.5 -0.298215
-537.5 -0.304502
-536.5 -0.309942
-535.5 -0.314476
-534.5 -0.318068
-533.5 -0.320756
-532.5 -0.322545
-531.5 -0.323403
-530.5 -0.323324
-529.5 -0.322318
-528.5 -0.320397
-527.5 -0.317546
-526.5 -0.313787
-525.5 -0.309158
-524.5 -0.303683
-523.5 -0.297388
-522.5 -0.290261
-521.5 -0.282327
-520.5 -0.273666
-519.5 -0.264336
-518.5 -0.254376
-517.5 -0.243766
-516.5 -0.232511
-515.5 -0.220785
-514.5 -0.208643
-513.5 -0.196
-512.5 -0.182935
-511.5 -0.169486
-510.5 -0.15577
-509.5 -0.141814
-508.5 -0.127607
-507.5 -0.113093
-506.5 -0.0984168
-505.5 -0.083639
-504.5 -0.0687775
-503.5 -0.0538112
-502.5 -0.0387051
-501.5 -0.0235053
-500.5 -0.0083331
-499.5 0.00680636
-498.5 0.0219131
-497.5 0.037051
-496.5 0.0522352
-495.5 0.067285
-494.5 0.0821286
-493.5 0.0968743
-492.5 0.111573
-491.5 0.126119
-490.5 0.140404
-489.5 0.154399
-488.5 0.168092
-487.5 0.181578
-486.5 0.19473
-485.5 0.207427
-484.5 0.21965
-483.5 0.231364
-482.5 0.242643
-481.5 0.253385
-480.5 0.263462
-479.5 0.272858
-478.5 0.281561
-477.5 0.289582
-476.5 0.296823
-475.5 0.303248
-474.5 0.308812
-473.5 0.313512
-472.5 0.317357
-471.5 0.320307
-470.5 0.322334
-469.5 0.323431
-468.5 0.323598
-467.5 0.322833
-466.5 0.32113
-465.5 0.318495
-464.5 0.314946
-463.5 0.310504
-462.5 0.305158
-461.5 0.29892
-460.5 0.291849
-459.5 0.284021
-458.5 0.27539
-457.5 0.265938
-456.5 0.25575
-455.5 0.24495
-454.5 0.233573
-453.5 0.221612
-452.5 0.209049
-451.5 0.195937
-450.5 0.182381
-449.5 0.168498
-448.5 0.154267
-447.5 0.139648
-446.5 0.124631
-445.5 0.109364
-444.5 0.0940281
-443.5 0.0785241
-442.5 0.0626921
-441.5 0.0466189
-440.5 0.03055
-439.5 0.0145905
-438.5 -0.00147822
-437.5 -0.0177932
-436.5 -0.0341737
-435.5 -0.0503963
-434.5 -0.0664624
-433.5 -0.0824727
-432.5 -0.0986176
-431.5 -0.114707
-430.5 -0.130512
-429.5 -0.145992
-428.5 -0.16134
-427.5 -0.176607
-426.5 -0.191656
-425.5 -0.206244
-424.5 -0.220347
-423.5 -0.234076
-422.5 -0.247527
-421.5 -0.260513
-420.5 -0.272814
-419.5 -0.284435
-418.5 -0.295466
-417.5 -0.30593
-416.5 -0.315682
-415.5 -0.324576
-414.5 -0.332592
-413.5 -0.339781
-412.5 -0.346151
-411.5 -0.351627
-410.5 -0.356127
-409.5 -0.359634
-408.5 -0.362186
-407.5 -0.363766
-406.5 -0.364342
-405.5 -0.363904
-404.5 -0.362474
-403.5 -0.360065
-402.5 -0.356628
-401.5 -0.352172
-400.5 -0.346786
-399.5 -0.340532
-398.5 -0.333359
-397.5 -0.325192
-396.5 -0.316117
-395.5 -0.306297
-394.5 -0.295789
-393.5 -0.284556
-392.5 -0.272553
-391.5 -0.259801
-390.5 -0.246482
-389.5 -0.232767
-388.5 -0.218607
-387.5 -0.203857
-386.5 -0.188559
-385.5 -0.172983
-384.5 -0.157229
-383.5 -0.141242
-382.5 -0.124844
-381.5 -0.108139
-380.5 -0.091401
-379.5 -0.0745725
-378.5 -0.0576324
-377.5 -0.0404316
-376.5 -0.0232235
-375.5 -0.00610761
-374.5 0.0110361
-373.5 0.0282162
-372.5 0.0454133
-371.5 0.0625782
-370.5 0.0795601
-369.5 0.0963112
-368.5 0.112989
-367.5 0.129656
-366.5 0.146117
-365.5 0.16218
-364.5 0.17787
-363.5 0.193321
-362.5 0.208528
-361.5 0.223325
-360.5 0.237557
-359.5 0.251261
-358.5 0.264471
-357.5 0.277166
-356.5 0.289201
-355.5 0.300463
-354.5 0.310945
-353.5 0.32072
-352.5 0.329714
-351.5 0.337833
-350.5 0.345031
-349.5 0.351279
-348.5 0.356583
-347.5 0.360952
-346.5 0.364331
-345.5 0.366682
-344.5 0.368012
-343.5 0.368331
-342.5 0.367623
-341.5 0.365888
-340.5 0.363152
-339.5 0.359433
-338.5 0.354722
-337.5 0.349019
-336.5 0.342354
-335.5 0.33478
-334.5 0.326381
-333.5 0.317163
-332.5 0.30707
-331.5 0.296125
-330.5 0.284513
-329.5 0.272345
-328.5 0.25956
-327.5 0.246035
-326.5 0.231918
-325.5 0.217434
-324.5 0.202598
-323.5 0.187374
-322.5 0.171711
-321.5 0.155661
-320.5 0.139392
-319.5 0.123012
-318.5 0.106462
-317.5 0.0896444
-316.5 0.0725705
-315.5 0.0554206
-314.5 0.0383597
-313.5 0.0213097
-312.5 0.00403749
-311.5 -0.0133621
-310.5 -0.0305618
-309.5 -0.047557
-308.5 -0.0645619
-307.5 -0.081737
-306.5 -0.0987845
-305.5 -0.115416
-304.5 -0.131729
-303.5 -0.148026
-302.5 -0.164249
-301.5 -0.180113
-300.5 -0.195451
-299.5 -0.210337
-298.5 -0.224961
-297.5 -0.239248
-296.5 -0.252938
-295.5 -0.265898
-294.5 -0.278234
-293.5 -0.290048
-292.5 -0.301238
-291.5 -0.311565
-290.5 -0.320998
-289.5 -0.329627
-288.5 -0.337473
-287.5 -0.344446
-286.5 -0.350431
-285.5 -0.355418
-284.5 -0.359445
-283.5 -0.36253
-282.5 -0.364615
-281.5 -0.365666
-280.5 -0.365719
-279.5 -0.364773
-278.5 -0.36281
-277.5 -0.35984
-276.5 -0.35593
-275.5 -0.351101
-274.5 -0.345332
-273.5 -0.338573
-272.5 -0.330907
-271.5 -0.322489
-270.5 -0.313368
-269.5 -0.303462
-268.5 -0.292674
-267.5 -0.281172
-266.5 -0.269172
-265.5 -0.256726
-264.5 -0.243689
-263.5 -0.229977
-262.5 -0.215829
-261.5 -0.201479
-260.5 -0.186875
-259.5 -0.171855
-258.5 -0.156437
-257.5 -0.140796
-256.5 -0.125052
-255.5 -0.109314
-254.5 -0.0934
-253.5 -0.0771757
-252.5 -0.0608422
-251.5 -0.044591
-250.5 -0.0285522
-249.5 -0.0124415
-248.5 0.00393604
-247.5 0.0202626
-246.5 0.0362996
-245.5 0.0520963
-244.5 0.0679026
-243.5 0.0837854
-242.5 0.0994482
-241.5 0.11469
-240.5 0.129637
-239.5 0.144434
-238.5 0.159015
-237.5 0.173246
-236.5 0.186991
-235.5 0.200219
-234.5 0.213051
-233.5 0.225481
-232.5 0.23733
-231.5 0.248443
-230.5 0.258868
-229.5 0.268759
-228.5 0.277974
-227.5 0.286339
-226.5 0.293823
-225.5 0.300526
-224.5 0.306457
-223.5 0.311515
-222.5 0.315607
-221.5 0.318776
-220.5 0.321054
-219.5 0.322425
-218.5 0.322845
-217.5 0.322331
-216.5 0.320913
-215.5 0.318546
-214.5 0.315242
-213.5 0.311075
-212.5 0.30608
-211.5 0.300234
-210.5 0.293508
-209.5 0.285963
-208.5 0.277709
-207.5 0.268778
-206.5 0.259177
-205.5 0.248893
-204.5 0.237938
-203.5 0.226474
-202.5 0.214568
-201.5 0.202201
-200.5 0.189379
-199.5 0.176126
-198.5 0.162546
-197.5 0.148738
-196.5 0.134703
-195.5 0.120336
-194.5 0.105741
-193.5 0.091032
-192.5 0.0762426
-191.5 0.0613169
-190.5 0.0462653
-189.5 0.0311665
-188.5 0.0160215
-187.5 0.000870172
-186.5 -0.0142579
-185.5 -0.029417
-184.5 -0.0445941
-183.5 -0.0596866
-182.5 -0.0746192
-181.5 -0.0894588
-180.5 -0.104221
-179.5 -0.118775
-178.5 -0.133159
-177.5 -0.14734
-176.5 -0.161242
-175.5 -0.174844
-174.5 -0.188119
-173.5 -0.201035
-172.5 -0.213552
-171.5 -0.225584
-170.5 -0.237092
-169.5 -0.24809
-168.5 -0.258515
-167.5 -0.268281
-166.5 -0.277375
-165.5 -0.285738
-164.5 -0.293376
-163.5 -0.300224
-162.5 -0.306228
-161.5 -0.311408
-160.5 -0.315726
-159.5 -0.319131
-158.5 -0.321627
-157.5 -0.323224
-156.5 -0.323892
-155.5 -0.323624
-154.5 -0.322435
-153.5 -0.320321
-152.5 -0.317256
-151.5 -0.313266
-150.5 -0.308421
-149.5 -0.302723
-148.5 -0.296148
-147.5 -0.288698
-146.5 -0.280442
-145.5 -0.27148
-144.5 -0.261838
-143.5 -0.251442
-142.5 -0.240319
-141.5 -0.228612
-140.5 -0.216397
-139.5 -0.203741
-138.5 -0.190563
-137.5 -0.176828
-136.5 -0.162673
-135.5 -0.148254
-134.5 -0.133643
-133.5 -0.118707
-132.5 -0.10335
-131.5 -0.0877734
-130.5 -0.0721427
-129.5 -0.0564428
-128.5 -0.0405799
-127.5 -0.0244892
-126.5 -0.00828435
-125.5 0.00788569
-124.5 0.0239516
-123.5 0.0400454
-122.5 0.0563077
-121.5 0.0725947
-120.5 0.0886734
-119.5 0.104516
-118.5 0.12026
-117.5 0.136058
-116.5 0.151731
-115.5 0.167
-114.5 0.181869
-113.5 0.196549
-112.5 0.211093
-111.5 0.225259
-110.5 0.238828
-109.5 0.251824
-108.5 0.264336
-107.5 0.276423
-106.5 0.287971
-105.5 0.298748
-104.5 0.308717
-103.5 0.317954
-102.5 0.326518
-101.5 0.334289
-100.5 0.341109
-99.5 0.346965
-98.5 0.351937
-97.5 0.356031
-96.5 0.359154
-95.5 0.361253
-94.5 0.362363
-93.5 0.362493
-92.5 0.361611
-91.5 0.359725
-90.5 0.356863
-89.5 0.353051
-88.5 0.348254
-87.5 0.34244
-86.5 0.335716
-85.5 0.328151
-84.5 0.319759
-83.5 0.310476
-82.5 0.300292
-81.5 0.289384
-80.5 0.277866
-79.5 0.265723
-78.5 0.252883
-77.5 0.239341
-76.5 0.225323
-75.5 0.210962
-74.5 0.196211
-73.5 0.180953
-72.5 0.165191
-71.5 0.149164
-70.5 0.133109
-69.5 0.116851
-68.5 0.100196
-67.5 0.083243
-66.5 0.0662774
-65.5 0.0493632
-64.5 0.0323775
-63.5 0.0152205
-62.5 -0.00205853
-61.5 -0.019294
-60.5 -0.0363831
-59.5 -0.0533418
-58.5 -0.0703041
-57.5 -0.0872717
-56.5 -0.10409
-55.5 -0.120642
-54.5 -0.136924
-53.5 -0.15306
-52.5 -0.169032
-51.5 -0.184662
-50.5 -0.199836
-49.5 -0.214569
-48.5 -0.228894
-47.5 -0.242831
-46.5 -0.256226
-45.5 -0.269
-44.5 -0.28109
-43.5 -0.292528
-42.5 -0.303278
-41.5 -0.313329
-40.5 -0.322563
-39.5 -0.330906
-38.5 -0.338381
-37.5 -0.344997
-36.5 -0.350694
-35.5 -0.35543
-34.5 -0.359193
-33.5 -0.361975
-32.5 -0.363778
-31.5 -0.364588
-30.5 -0.36439
-29.5 -0.363201
-28.5 -0.361027
-27.5 -0.357861
-26.5 -0.353709
-25.5 -0.348606
-24.5 -0.342599
-23.5 -0.335675
-22.5 -0.327835
-21.5 -0.319116
-20.5 -0.309664
-19.5 -0.299478
-18.5 -0.288497
-17.5 -0.276717
-16.5 -0.264363
-15.5 -0.251529
-14.5 -0.238136
-13.5 -0.224072
-12.5 -0.209528
-11.5 -0.19472
-10.5 -0.179605
-9.5 -0.16403
-8.5 -0.148076
-7.5 -0.131922
-6.5 -0.115653
-5.5 -0.0992442
-4.5 -0.0825752
-3.5 -0.0656645
-2.5 -0.0487094
-1.5 -0.0318035
-0.5 -0.0148748
0.5 0.00219389
1.5 0.0193648
2.5 0.0364267
3.5 0.0533215
4.5 0.0701319
5.5 0.0869776
6.5 0.103796
7.5 0.12032
8.5 0.136527
9.5 0.152549
10.5 0.168498
11.5 0.184197
12.5 0.199396
13.5 0.214098
14.5 0.228468
15.5 0.242481
16.5 0.255978
17.5 0.268836
18.5 0.281011
19.5 0.292547
20.5 0.303462
21.5 0.313667
22.5 0.323022
23.5 0.331465
24.5 0.339046
25.5 0.345824
26.5 0.351712
27.5 0.35657
28.5 0.360437
29.5 0.363352
30.5 0.3653
31.5 0.36623
32.5 0.366152
33.5 0.365086
34.5 0.363028
35.5 0.359955
36.5 0.355915
37.5 0.350959
38.5 0.345099
39.5 0.338304
40.5 0.33058
41.5 0.322041
42.5 0.312775
43.5 0.302777
44.5 0.291998
45.5 0.280465
46.5 0.26836
47.5 0.255815
48.5 0.242729
49.5 0.229007
50.5 0.214826
51.5 0.200387
52.5 0.185705
53.5 0.170654
54.5 0.155164
55.5 0.139517
56.5 0.123844
57.5 0.108027
58.5 0.0919051
59.5 0.0756589
60.5 0.0594307
61.5 0.0432695
62.5 0.0270386
63.5 0.0107015
64.5 -0.00562075
65.5 -0.0218026
66.5 -0.0378625
67.5 -0.0538827
68.5 -0.0698001
69.5 -0.0855923
70.5 -0.101174
71.5 -0.11648
72.5 -0.13157
73.5 -0.146425
74.5 -0.160962
75.5 -0.175084
76.5 -0.188797
77.5 -0.2022
78.5 -0.215107
79.5 -0.227387
80.5 -0.239094
81.5 -0.250297
82.5 -0.260851
83.5 -0.27068
84.5 -0.279728
85.5 -0.287998
86.5 -0.295543
87.5 -0.302264
88.5 -0.3081
89.5 -0.313038
90.5 -0.317091
91.5 -0.320246
92.5 -0.322482
93.5 -0.323776
94.5 -0.324132
95.5 -0.323566
96.5 -0.322064
97.5 -0.319627
98.5 -0.316287
99.5 -0.312086
100.5 -0.307017
101.5 -0.301049
102.5 -0.294251
103.5 -0.286684
104.5 -0.278393
105.5 -0.269411
106.5 -0.259701
107.5 -0.24932
108.5 -0.238356
109.5 -0.226878
110.5 -0.214904
111.5 -0.202431
112.5 -0.189515
113.5 -0.176251
114.5 -0.162693
115.5 -0.14884
116.5 -0.134672
117.5 -0.120243
118.5 -0.105698
119.5 -0.0910445
120.5 -0.076183
121.5 -0.0611762
122.5 -0.0460847
123.5 -0.0309702
124.5 -0.0158695
125.5 -0.000700164
126.5 0.0145131
127.5 0.0296898
128.5 0.0448052
129.5 0.0598193
130.5 0.0747419
131.5 0.0896297
132.5 0.104427
133.5 0.118998
134.5 0.133272
135.5 0.147357
136.5 0.161284
137.5 0.174935
138.5 0.188169
139.5 0.200954
140.5 0.213424
141.5 0.225495
142.5 0.237012
143.5 0.247895
144.5 0.258201
145.5 0.267947
146.5 0.277015
147.5 0.285315
148.5 0.292865
149.5 0.299647
150.5 0.305598
151.5 0.310707
152.5 0.314948
153.5 0.318296
154.5 0.320734
155.5 0.322248
156.5 0.322842
157.5 0.322506
158.5 0.321227
159.5 0.319034
160.5 0.315931
161.5 0.311893
162.5 0.306942
163.5 0.301135
164.5 0.294501
165.5 0.287047
166.5 0.278763
167.5 0.269681
168.5 0.259885
169.5 0.249475
170.5 0.238466
171.5 0.226758
172.5 0.214354
173.5 0.201502
174.5 0.188346
175.5 0.17478
176.5 0.160682
177.5 0.146098
178.5 0.131266
179.5 0.116364
180.5 0.101255
181.5 0.0857339
182.5 0.0698924
183.5 0.0539925
184.5 0.0381935
185.5 0.022363
186.5 0.00621426
187.5 -0.0101388
188.5 -0.0264283
189.5 -0.0424854
190.5 -0.0584574
191.5 -0.0746559
192.5 -0.0909893
193.5 -0.107029
194.5 -0.122664
195.5 -0.138137
196.5 -0.153769
197.5 -0.169328
198.5 -0.184362
199.5 -0.198863
200.5 -0.21312
201.5 -0.227245
202.5 -0.240999
203.5 -0.254107
204.5 -0.266543
205.5 -0.278455
206.5 -0.289922
207.5 -0.300788
208.5 -0.310786
209.5 -0.319934
210.5 -0.328343
211.5 -0.336048
212.5 -0.342903
213.5 -0.348744
214.5 -0.353604
215.5 -0.357571
216.5 -0.360624
217.5 -0.362681
218.5 -0.363705
219.5 -0.363743
220.5 -0.362796
221.5 -0.360805
222.5 -0.35781
223.5 -0.353868
224.5 -0.348993
225.5 -0.343151
226.5 -0.336305
227.5 -0.328538
228.5 -0.319957
229.5 -0.310616
230.5 -0.300466
231.5 -0.28942
232.5 -0.277604
233.5 -0.265239
234.5 -0.252404
235.5 -0.238962
236.5 -0.224817
237.5 -0.210112
238.5 -0.195119
239.5 -0.179841
240.5 -0.164218
241.5 -0.14815
242.5 -0.131785
243.5 -0.115219
244.5 -0.0985544
245.5 -0.0817734
246.5 -0.0647945
247.5 -0.0476591
248.5 -0.0304554
249.5 -0.013282
250.5 0.00384224
251.5 0.0210074
252.5 0.0382507
253.5 0.0554694
254.5 0.07251
255.5 0.0893566
256.5 0.106099
257.5 0.122754
258.5 0.139236
259.5 0.155399
260.5 0.171225
261.5 0.186745
262.5 0.202023
263.5 0.216949
264.5 0.231327
265.5 0.245133
266.5 0.258413
267.5 0.271274
268.5 0.283521
269.5 0.294966
270.5 0.305664
271.5 0.315664
272.5 0.32492
273.5 0.333328
274.5 0.340799
275.5 0.347361
276.5 0.353037
277.5 0.357777
278.5 0.361525
279.5 0.36427
280.5 0.366024
281.5 0.366785
282.5 0.366537
283.5 0.36527
284.5 0.363014
285.5 0.359797
286.5 0.355578
287.5 0.350339
288.5 0.344161
289.5 0.337156
290.5 0.329289
291.5 0.320469
292.5 0.310738
293.5 0.300331
294.5 0.289293
295.5 0.277518
296.5 0.264959
297.5 0.251793
298.5 0.238146
299.5 0.224089
300.5 0.209567
301.5 0.19452
302.5 0.179002
303.5 0.163202
304.5 0.147244
305.5 0.131082
306.5 0.114585
307.5 0.0977629
308.5 0.0808814
309.5 0.0640703
310.5 0.0471615
311.5 0.0299923
312.5 0.0127172
313.5 -0.00445104
314.5 -0.0214902
315.5 -0.038524
316.5 -0.0556132
317.5 -0.0726428
318.5 -0.0895038
319.5 -0.106104
320.5 -0.122535
321.5 -0.138859
322.5 -0.155033
323.5 -0.170814
324.5 -0.186163
325.5 -0.201198
326.5 -0.215937
327.5 -0.230227
328.5 -0.243948
329.5 -0.257048
330.5 -0.269587
331.5 -0.281583
332.5 -0.292886
333.5 -0.303418
334.5 -0.313153
335.5 -0.322087
336.5 -0.330198
337.5 -0.33742
338.5 -0.343739
339.5 -0.349118
340.5 -0.35353
341.5 -0.356994
342.5 -0.359472
343.5 -0.360952
344.5 -0.361434
345.5 -0.360926
346.5 -0.359419
347.5 -0.356921
348.5 -0.353471
349.5 -0.349088
350.5 -0.343751
351.5 -0.337472
352.5 -0.330329
353.5 -0.322376
354.5 -0.313595
355.5 -0.304003
356.5 -0.293711
357.5 -0.282743
358.5 -0.271104
359.5 -0.258886
360.5 -0.246145
361.5 -0.232886
362.5 -0.219138
363.5 -0.205017
364.5 -0.190551
365.5 -0.17578
366.5 -0.160687
367.5 -0.145319
368.5 -0.129802
369.5 -0.114145
370.5 -0.098301
371.5 -0.0823056
372.5 -0.0662507
373.5 -0.0501549
374.5 -0.0340265
375.5 -0.017904
376.5 -0.00176099
377.5 0.0143652
378.5 0.0304237
379.5 0.0463484
380.5 0.062117
381.5 0.0778219
382.5 0.0934244
383.5 0.108789
384.5 0.123863
385.5 0.138691
386.5 0.153314
387.5 0.167602
388.5 0.181491
389.5 0.194921
390.5 0.207898
391.5 0.220413
392.5 0.232437
393.5 0.243877
394.5 0.254619
395.5 0.264697
396.5 0.27412
397.5 0.282813
398.5 0.290697
399.5 0.297764
400.5 0.303988
401.5 0.309363
402.5 0.313862
403.5 0.317452
404.5 0.32012
405.5 0.321867
406.5 0.322683
407.5 0.322567
408.5 0.321521
409.5 0.319548
410.5 0.316669
411.5 0.312899
412.5 0.30823
413.5 0.30268
414.5 0.296331
415.5 0.28921
416.5 0.28126
417.5 0.272525
418.5 0.263128
419.5 0.253143
420.5 0.242531
421.5 0.231269
422.5 0.219433
423.5 0.207233
424.5 0.194675
425.5 0.181579
426.5 0.168013
427.5 0.154256
428.5 0.140321
429.5 0.12611
430.5 0.111559
431.5 0.0968481
432.5 0.0820656
433.5 0.0671619
434.5 0.0521346
435.5 0.0370336
436.5 0.0218761
437.5 0.0066152
438.5 -0.00862569
439.5 -0.0237462
440.5 -0.038815
441.5 -0.0539969
442.5 -0.0691567
443.5 -0.0840822
444.5 -0.0988074
445.5 -0.113469
446.5 -0.128043
447.5 -0.142404
448.5 -0.15645
449.5 -0.170166
450.5 -0.183593
451.5 -0.196718
452.5 -0.20952
453.5 -0.22183
454.5 -0.233536
455.5 -0.244713
456.5 -0.255462
457.5 -0.265627
458.5 -0.275036
459.5 -0.283688
460.5 -0.291621
461.5 -0.298841
462.5 -0.305269
463.5 -0.310819
464.5 -0.315475
465.5 -0.319269
466.5 -0.32219
467.5 -0.324184
468.5 -0.32523
469.5 -0.325351
470.5 -0.324541
471.5 -0.322774
472.5 -0.32008
473.5 -0.316501
474.5 -0.312028
475.5 -0.306618
476.5 -0.300282
477.5 -0.293151
478.5 -0.285295
479.5 -0.276649
480.5 -0.267109
481.5 -0.256841
482.5 -0.246028
483.5 -0.234654
484.5 -0.222599
485.5 -0.2099
486.5 -0.196752
487.5 -0.183236
488.5 -0.169319
489.5 -0.15495
490.5 -0.140169
491.5 -0.125156
492.5 -0.109995
493.5 -0.0945588
494.5 -0.0788739
495.5 -0.0629829
496.5 -0.047004
497.5 -0.030898
498.5 -0.0147699
499.5 0.00145598
500.5 0.0178138
501.5 0.03418
502.5 0.0504429
503.5 0.0666617
504.5 0.0829304
505.5 0.0991068
506.5 0.115102
507.5 0.130963
508.5 0.146742
509.5 0.162346
510.5 0.177614
511.5 0.192545
512.5 0.207204
513.5 0.221568
514.5 0.235535
515.5 0.249005
516.5 0.261955
517.5 0.274353
518.5 0.286211
519.5 0.297446
520.5 0.30791
521.5 0.31761
522.5 0.326551
523.5 0.334754
524.5 0.342077
525.5 0.34843
526.5 0.353861
527.5 0.358404
528.5 0.361991
529.5 0.364565
530.5 0.366132
531.5 0.366701
532.5 0.366261
533.5 0.364791
534.5 0.362327
535.5 0.358886
536.5 0.354457
537.5 0.349017
538.5 0.342595
539.5 0.335295
540.5 0.327169
541.5 0.31817
542.5 0.308243
543.5 0.297482
544.5 0.286114
545.5 0.274149
546.5 0.261415
547.5 0.247883
548.5 0.233893
549.5 0.219658
550.5 0.20494
551.5 0.189513
552.5 0.173732
553.5 0.157764
554.5 0.141718
555.5 0.125242
556.5 0.108377
557.5 0.0913837
558.5 0.0744437
559.5 0.05737
560.5 0.0400701
561.5 0.0227063
562.5 0.00537193
563.5 -0.0119295
564.5 -0.0292582
565.5 -0.0465629
566.5 -0.0637529
567.5 -0.08091
568.5 -0.0979513
569.5 -0.114715
570.5 -0.131297
571.5 -0.147749
572.5 -0.164002
573.5 -0.179862
574.5 -0.195333
575.5 -0.210433
576.5 -0.225145
577.5 -0.239445
578.5 -0.253183
579.5 -0.266317
580.5 -0.278864
581.5 -0.290773
582.5 -0.302002
583.5 -0.312482
584.5 -0.322137
585.5 -0.33094
586.5 -0.338908
587.5 -0.34602
588.5 -0.352215
589.5 -0.357445
590.5 -0.361683
591.5 -0.36494
592.5 -0.367227
593.5 -0.368506
594.5 -0.368767
595.5 -0.368021
596.5 -0.366276
597.5 -0.363526
598.5 -0.359773
599.5 -0.355043
600.5 -0.349385
601.5 -0.342806
602.5 -0.335268
603.5 -0.326863
604.5 -0.317639
605.5 -0.307638
606.5 -0.29684
607.5 -0.285295
608.5 -0.273092
609.5 -0.260285
610.5 -0.246895
611.5 -0.23296
612.5 -0.218504
613.5 -0.203605
614.5 -0.18836
615.5 -0.172773
616.5 -0.156818
617.5 -0.140521
618.5 -0.124018
619.5 -0.10744
620.5 -0.0906907
621.5 -0.0736403
622.5 -0.0564464
623.5 -0.0393013
624.5 -0.0222373
625.5 -0.00505121
626.5 0.0123583
627.5 0.0296849
628.5 0.0467841
629.5 0.0637662
630.5 0.0808174
631.5 0.0978215
632.5 0.114545
633.5 0.130965
634.5 0.147218
635.5 0.163303
636.5 0.17906
637.5 0.194379
638.5 0.209331
639.5 0.223934
640.5 0.23804
641.5 0.251548
642.5 0.264462
643.5 0.276792
644.5 0.288496
645.5 0.299498
646.5 0.309695
647.5 0.319051
648.5 0.327575
649.5 0.335287
650.5 0.342099
651.5 0.347937
652.5 0.352812
653.5 0.356724
654.5 0.359664
655.5 0.361602
656.5 0.362527
657.5 0.362451
658.5 0.361373
659.5 0.359291
660.5 0.356207
661.5 0.352158
662.5 0.347192
663.5 0.341298
664.5 0.334455
665.5 0.326696
666.5 0.318139
667.5 0.308881
668.5 0.298877
669.5 0.288029
670.5 0.276441
671.5 0.264363
672.5 0.251812
673.5 0.238679
674.5 0.224959
675.5 0.210816
676.5 0.196384
677.5 0.181686
678.5 0.166618
679.5 0.151195
680.5 0.135563
681.5 0.119886
682.5 0.104115
683.5 0.0880854
684.5 0.0718805
685.5 0.0557204
686.5 0.0396626
687.5 0.0235375
688.5 0.00725465
689.5 -0.00901826
690.5 -0.0250534
691.5 -0.0408929
692.5 -0.0567774
693.5 -0.0727199
694.5 -0.0883847
695.5 -0.103619
696.5 -0.118714
697.5 -0.133803
698.5 -0.148595
699.5 -0.162832
700.5 -0.176682
701.5 -0.190283
702.5 -0.203553
703.5 -0.216249
704.5 -0.228288
705.5 -0.23979
706.5 -0.250774
707.5 -0.261167
708.5 -0.270793
709.5 -0.279632
710.5 -0.287754
711.5 -0.295115
712.5 -0.301647
713.5 -0.307312
714.5 -0.312088
715.5 -0.315982
716.5 -0.318983
717.5 -0.321069
718.5 -0.322229
719.5 -0.322461
720.5 -0.321773
721.5 -0.320159
722.5 -0.317619
723.5 -0.314184
724.5 -0.309895
725.5 -0.304748
726.5 -0.298729
727.5 -0.291851
728.5 -0.284219
729.5 -0.27589
730.5 -0.266858
731.5 -0.257086
732.5 -0.246618
733.5 -0.235641
734.5 -0.224178
735.5 -0.212215
736.5 -0.199704
737.5 -0.18672
738.5 -0.17344
739.5 -0.159923
740.5 -0.146098
741.5 -0.131918
742.5 -0.117443
743.5 -0.102825
744.5 -0.0881711
745.5 -0.0734054
746.5 -0.0583725
747.5 -0.0431923
748.5 -0.0280709
749.5 -0.0129874
750.5 0.00211377
751.5 0.0173859
752.5 0.0326717
753.5 0.0477716
754.5 0.0627043
755.5 0.0776487
756.5 0.0926508
757.5 0.107468
758.5 0.12195
759.5 0.13624
760.5 0.15046
761.5 0.164465
762.5 0.178033
763.5 0.191205
764.5 0.204071
765.5 0.216568
766.5 0.228601
767.5 0.240059
768.5 0.250968
769.5 0.261322
770.5 0.271032
771.5 0.280065
772.5 0.288346
773.5 0.29586
774.5 0.302586
775.5 0.308502
776.5 0.313573
777.5 0.31776
778.5 0.321044
779.5 0.323415
780.5 0.324871
781.5 0.325396
782.5 0.324981
783.5 0.323642
784.5 0.321368
785.5 0.318147
786.5 0.314022
787.5 0.309031
788.5 0.303149
789.5 0.29639
790.5 0.288817
791.5 0.280462
792.5 0.271317
793.5 0.261437
794.5 0.250894
795.5 0.23972
796.5 0.227933
797.5 0.215537
798.5 0.202637
799.5 0.189329
800.5 0.17557
801.5 0.161375
802.5 0.14685
803.5 0.132001
804.5 0.116894
805.5 0.10158
806.5 0.0860895
807.5 0.0703519
808.5 0.0543606
809.5 0.0383232
810.5 0.0223419
811.5 0.00624615
812.5 -0.0100616
813.5 -0.0264047
814.5 -0.0426095
815.5 -0.0587438
816.5 -0.0749023
817.5 -0.0911011
818.5 -0.107162
819.5 -0.12295
820.5 -0.138557
821.5 -0.154138
822.5 -0.16957
823.5 -0.184613
824.5 -0.199261
825.5 -0.213573
826.5 -0.227615
827.5 -0.241246
828.5 -0.254334
829.5 -0.266834
830.5 -0.278791
831.5 -0.290187
832.5 -0.300904
833.5 -0.310852
834.5 -0.320031
835.5 -0.328451
836.5 -0.336038
837.5 -0.342732
838.5 -0.34854
839.5 -0.353416
840.5 -0.357327
841.5 -0.360268
842.5 -0.362236
843.5 -0.363208
844.5 -0.363169
845.5 -0.362133
846.5 -0.360107
847.5 -0.357063
848.5 -0.353003
849.5 -0.348015
850.5 -0.342125
851.5 -0.335263
852.5 -0.327419
853.5 -0.318735
854.5 -0.309325
855.5 -0.299125
856.5 -0.288056
857.5 -0.27623
858.5 -0.263843
859.5 -0.25089
860.5 -0.237339
861.5 -0.223228
862.5 -0.208586
863.5 -0.193547
864.5 -0.178213
865.5 -0.162531
866.5 -0.146504
867.5 -0.130125
868.5 -0.113561
869.5 -0.0969345
870.5 -0.0801986
871.5 -0.0632025
872.5 -0.0459502
873.5 -0.0287235
874.5 -0.0116214
875.5 0.00550203
876.5 0.0227707
877.5 0.0400564
878.5 0.0571681
879.5 0.0741665
880.5 0.0910551
881.5 0.107849
882.5 0.124563
883.5 0.141054
884.5 0.157175
885.5 0.172985
886.5 0.188646
887.5 0.203992
888.5 0.218819
889.5 0.233172
890.5 0.247025
891.5 0.260418
892.5 0.273261
893.5 0.28545
894.5 0.296881
895.5 0.307557
896.5 0.317553
897.5 0.326789
898.5 0.335113
899.5 0.342495
900.5 0.348986
901.5 0.354579
902.5 0.359223
903.5 0.362847
904.5 0.365453
905.5 0.367067
906.5 0.367673
907.5 0.367248
908.5 0.36581
909.5 0.363379
910.5 0.359921
911.5 0.355441
912.5 0.350026
913.5 0.343702
914.5 0.336429
915.5 0.328195
916.5 0.319141
917.5 0.309337
918.5 0.298737
919.5 0.287343
920.5 0.275241
921.5 0.262574
922.5 0.249322
923.5 0.23542
924.5 0.221032
925.5 0.206296
926.5 0.191164
927.5 0.17559
928.5 0.159652
929.5 0.143517
930.5 0.127178
931.5 0.11056
932.5 0.0937747
933.5 0.0768514
934.5 0.0598161
935.5 0.0426829
936.5 0.0255388
937.5 0.00836936
938.5 -0.00889205
939.5 -0.0261518
940.5 -0.043306
941.5 -0.0603085
942.5 -0.0773019
943.5 -0.0942836
944.5 -0.111072
945.5 -0.127571
946.5 -0.143855
947.5 -0.159998
948.5 -0.175854
949.5 -0.191303
950.5 -0.206391
951.5 -0.221099
952.5 -0.235357
953.5 -0.249112
954.5 -0.262319
955.5 -0.274927
956.5 -0.28685
957.5 -0.298117
958.5 -0.308685
959.5 -0.318418
960.5 -0.327317
961.5 -0.335365
962.5 -0.342562
963.5 -0.348849
964.5 -0.354172
965.5 -0.358513
966.5 -0.361884
967.5 -0.364277
968.5 -0.365672
969.5 -0.366054
970.5 -0.365439
971.5 -0.363831
972.5 -0.361219
973.5 -0.357615
974.5 -0.353073
975.5 -0.347626
976.5 -0.341257
977.5 -0.333958
978.5 -0.325777
979.5 -0.316844
980.5 -0.307238
981.5 -0.296808
982.5 -0.28559
983.5 -0.273768
984.5 -0.261476
985.5 -0.248641
986.5 -0.23522
987.5 -0.221258
988.5 -0.206966
989.5 -0.19246
990.5 -0.177585
991.5 -0.162342
992.5 -0.14683
993.5 -0.131169
994.5 -0.115405
995.5 -0.0994751
996.5 -0.0834066
997.5 -0.0672223
998.5 -0.0510128
999.5 -0.0348237
1000.5 -0.018657
1001.5 -0.00244846
1002.5 0.0138353
1003.5 0.0299617
1004.5 0.0458667
1005.5 0.0617415
1006.5 0.0775945
1007.5 0.0932979
1008.5 0.108666
1009.5 0.123693
1010.5 0.13859
1011.5 0.153304
1012.5 0.167636
1013.5 0.181487
1014.5 0.194929
1015.5 0.208007
1016.5 0.220583
1017.5 0.232573
1018.5 0.243946
1019.5 0.254704
1020.5 0.264808
1021.5 0.274223
1022.5 0.282897
1023.5 0.290755
1024.5 0.297779
1025.5 0.30399
1026.5 0.309365
1027.5 0.313829
1028.5 0.317366
1029.5 0.319994
1030.5 0.321706
1031.5 0.322488
1032.5 0.322333
1033.5 0.321256
1034.5 0.31926
1035.5 0.316351
1036.5 0.312518
1037.5 0.307824
1038.5 0.302298
1039.5 0.29594
1040.5 0.288748
1041.5 0.28077
1042.5 0.272092
1043.5 0.262752
1044.5 0.252737
1045.5 0.24207
1046.5 0.230843
1047.5 0.219138
1048.5 0.20697
1049.5 0.194321
1050.5 0.181249
1051.5 0.167883
1052.5 0.154235
1053.5 0.140246
1054.5 0.126007
1055.5 0.111609
1056.5 0.0970481
1057.5 0.0823172
1058.5 0.0674153
1059.5 0.0525043
1060.5 0.0375649
1061.5 0.0224574
1062.5 0.00729608
1063.5 -0.00775371
1064.5 -0.0227669
1065.5 -0.0378417
1066.5 -0.0529468
1067.5 -0.0678505
1068.5 -0.0825957
1069.5 -0.0972657
1070.5 -0.11187
1071.5 -0.126285
1072.5 -0.140397
1073.5 -0.154307
1074.5 -0.167971
1075.5 -0.18128
1076.5 -0.194231
1077.5 -0.206807
1078.5 -0.218978
1079.5 -0.230637
1080.5 -0.2417
1081.5 -0.252206
1082.5 -0.262159
1083.5 -0.271479
1084.5 -0.280053
1085.5 -0.287878
1086.5 -0.294945
1087.5 -0.301222
1088.5 -0.306669
1089.5 -0.311249
1090.5 -0.314952
1091.5 -0.317758
1092.5 -0.319661
1093.5 -0.320656
1094.5 -0.320717
1095.5 -0.31986
1096.5 -0.318086
1097.5 -0.315371
1098.5 -0.311743
1099.5 -0.307252
1100.5 -0.301893
1101.5 -0.295654
1102.5 -0.288546
1103.5 -0.280652
1104.5 -0.272058
1105.5 -0.262718
1106.5 -0.252581
1107.5 -0.241764
1108.5 -0.230426
1109.5 -0.218577
1110.5 -0.206109
1111.5 -0.193091
1112.5 -0.179655
1113.5 -0.165834
1114.5 -0.15172
1115.5 -0.137234
1116.5 -0.122367
1117.5 -0.107232
1118.5 -0.0919639
1119.5 -0.0765357
1120.5 -0.0608666
1121.5 -0.0450093
1122.5 -0.0290831
1123.5 -0.0131337
1124.5 0.00291722
1125.5 0.0190652
1126.5 0.0352257
1127.5 0.0513711
1128.5 0.0675097
1129.5 0.0835768
1130.5 0.0995371
1131.5 0.115407
1132.5 0.131204
1133.5 0.146866
1134.5 0.162247
1135.5 0.177343
1136.5 0.192237
1137.5 0.206923
1138.5 0.221178
1139.5 0.234926
1140.5 0.24824
1141.5 0.261146
1142.5 0.273592
1143.5 0.285304
1144.5 0.296326
1145.5 0.306732
1146.5 0.316451
1147.5 0.325348
1148.5 0.333408
1149.5 0.340615
1150.5 0.346937
1151.5 0.352332
1152.5 0.356786
1153.5 0.360287
1154.5 0.362795
1155.5 0.364299
1156.5 0.364806
1157.5 0.364302
1158.5 0.362781
1159.5 0.360266
1160.5 0.356767
1161.5 0.352274
1162.5 0.3468
1163.5 0.340399
1164.5 0.333089
1165.5 0.324892
1166.5 0.315821
1167.5 0.305936
1168.5 0.295282
1169.5 0.283893
1170.5 0.271843
1171.5 0.259163
1172.5 0.24582
1173.5 0.231967
1174.5 0.217671
1175.5 0.20295
1176.5 0.187768
1177.5 0.172162
1178.5 0.156263
1179.5 0.140227
1180.5 0.123955
1181.5 0.107324
1182.5 0.0905216
1183.5 0.0737029
1184.5 0.0567997
1185.5 0.0397057
1186.5 0.0225224
1187.5 0.00540756
1188.5 -0.0116977
1189.5 -0.0288397
1190.5 -0.0459573
1191.5 -0.0629701
1192.5 -0.0798676
1193.5 -0.0966608
1194.5 -0.113265
1195.5 -0.129785
1196.5 -0.146062
1197.5 -0.162001
1198.5 -0.177717
1199.5 -0.193193
1200.5 -0.208226
1201.5 -0.222817
1202.5 -0.236926
1203.5 -0.250596
1204.5 -0.26373
1205.5 -0.276203
1206.5 -0.287999
1207.5 -0.29915
1208.5 -0.309638
1209.5 -0.319281
1210.5 -0.328018
1211.5 -0.335914
1212.5 -0.342998
1213.5 -0.349165
1214.5 -0.354293
1215.5 -0.35846
1216.5 -0.361688
1217.5 -0.363894
1218.5 -0.365064
1219.5 -0.365222
1220.5 -0.364365
1221.5 -0.362471
1222.5 -0.359572
1223.5 -0.355706
1224.5 -0.350862
1225.5 -0.344995
1226.5 -0.338207
1227.5 -0.330567
1228.5 -0.322044
1229.5 -0.312631
1230.5 -0.302417
1231.5 -0.291493
1232.5 -0.279867
1233.5 -0.267544
1234.5 -0.254602
1235.5 -0.241112
1236.5 -0.2271
1237.5 -0.212623
1238.5 -0.197739
1239.5 -0.182442
1240.5 -0.166746
1241.5 -0.150849
1242.5 -0.134745
1243.5 -0.118364
1244.5 -0.101699
1245.5 -0.0849821
1246.5 -0.0682308
1247.5 -0.0513111
1248.5 -0.0341799
1249.5 -0.0170079
1250.5 -4.16442e-05
1251.5 0.0169058
1252.5 0.034025
1253.5 0.0511484
1254.5 0.0680035
1255.5 0.084669
1256.5 0.101336
1257.5 0.117938
1258.5 0.134284
1259.5 0.150302
1260.5 0.166058
1261.5 0.181589
1262.5 0.196799
1263.5 0.211597
1264.5 0.22593
1265.5 0.239748
1266.5 0.253095
1267.5 0.265945
1268.5 0.278131
1269.5 0.289586
1270.5 0.300334
1271.5 0.310428
1272.5 0.319701
1273.5 0.328098
1274.5 0.335632
1275.5 0.342303
1276.5 0.348046
1277.5 0.352825
1278.5 0.356656
1279.5 0.35952
1280.5 0.361387
1281.5 0.362253
1282.5 0.362128
1283.5 0.361005
1284.5 0.358885
1285.5 0.355813
1286.5 0.35181
1287.5 0.346812
1288.5 0.340834
1289.5 0.334036
1290.5 0.326466
1291.5 0.317993
1292.5 0.308605
1293.5 0.298547
1294.5 0.287925
1295.5 0.276596
1296.5 0.2645
1297.5 0.251827
1298.5 0.238787
1299.5 0.22533
1300.5 0.211329
1301.5 0.19686
1302.5 0.182104
1303.5 0.167135
1304.5 0.151948
1305.5 0.136505
1306.5 0.120749
1307.5 0.104826
1308.5 0.0889152
1309.5 0.0729891
1310.5 0.0569077
1311.5 0.0405967
1312.5 0.0242816
1313.5 0.00820801
1314.5 -0.00778097
1315.5 -0.0239286
1316.5 -0.0401327
1317.5 -0.0560726
1318.5 -0.0717072
1319.5 -0.0873026
1320.5 -0.102951
1321.5 -0.118334
1322.5 -0.133243
1323.5 -0.147887
1324.5 -0.162372
1325.5 -0.17652
1326.5 -0.190211
1327.5 -0.203409
1328.5 -0.216187
1329.5 -0.228497
1330.5 -0.240213
1331.5 -0.251293
1332.5 -0.261715
1333.5 -0.271476
1334.5 -0.280529
1335.5 -0.288796
1336.5 -0.296237
1337.5 -0.302869
1338.5 -0.308678
1339.5 -0.31358
1340.5 -0.317572
1341.5 -0.32067
1342.5 -0.322856
1343.5 -0.324098
1344.5 -0.324406
1345.5 -0.32379
1346.5 -0.322231
1347.5 -0.319749
1348.5 -0.316382
1349.5 -0.312141
1350.5 -0.306974
1351.5 -0.300952
1352.5 -0.294155
1353.5 -0.286598
1354.5 -0.278253
1355.5 -0.269111
1356.5 -0.259338
1357.5 -0.249042
1358.5 -0.238087
1359.5 -0.226467
1360.5 -0.214396
1361.5 -0.201971
1362.5 -0.189105
1363.5 -0.175739
1364.5 -0.162048
1365.5 -0.148205
1366.5 -0.134112
1367.5 -0.119666
1368.5 -0.104984
1369.5 -0.0902689
1370.5 -0.0754762
1371.5 -0.0604936
1372.5 -0.0453524
1373.5 -0.0302031
1374.5 -0.0150421
1375.5 8.88505e-05
1376.5 0.0152684
1377.5 0.0304643
1378.5 0.0456314
1379.5 0.0606996
1380.5 0.0756185
1381.5 0.0904184
1382.5 0.105213
1383.5 0.119854
1384.5 0.134191
1385.5 0.148232
1386.5 0.162094
1387.5 0.175748
1388.5 0.189
1389.5 0.201798
1390.5 0.214212
1391.5 0.226251
1392.5 0.237771
1393.5 0.248688
1394.5 0.258986
1395.5 0.268667
1396.5 0.277693
1397.5 0.286009
1398.5 0.293573
1399.5 0.300318
1400.5 0.306219
1401.5 0.311308
1402.5 0.315551
1403.5 0.31888
1404.5 0.321285
1405.5 0.32278
1406.5 0.323357
1407.5 0.322994
1408.5 0.321703
1409.5 0.319496
1410.5 0.316359
1411.5 0.312302
1412.5 0.307348
1413.5 0.301523
1414.5 0.294861
1415.5 0.28738
1416.5 0.279093
1417.5 0.270014
1418.5 0.260207
1419.5 0.249765
1420.5 0.238716
1421.5 0.227014
1422.5 0.214644
1423.5 0.201796
1424.5 0.188616
1425.5 0.17502
1426.5 0.160908
1427.5 0.146334
1428.5 0.131581
1429.5 0.116648
1430.5 0.101435
1431.5 0.0858965
1432.5 0.0701994
1433.5 0.0543987
1434.5 0.0384437
1435.5 0.0224326
1436.5 0.00639755
1437.5 -0.00978219
1438.5 -0.0260641
1439.5 -0.0422578
1440.5 -0.0583202
1441.5 -0.0743821
1442.5 -0.0905573
1443.5 -0.106651
1444.5 -0.122411
1445.5 -0.137981
1446.5 -0.153502
1447.5 -0.168891
1448.5 -0.183904
1449.5 -0.198566
1450.5 -0.212907
1451.5 -0.226958
1452.5 -0.24055
1453.5 -0.253663
1454.5 -0.266238
1455.5 -0.278191
1456.5 -0.289569
1457.5 -0.300349
1458.5 -0.310389
1459.5 -0.319608
1460.5 -0.328017
1461.5 -0.335653
1462.5 -0.342468
1463.5 -0.348354
1464.5 -0.353256
1465.5 -0.357219
1466.5 -0.360261
1467.5 -0.362318
1468.5 -0.363366
1469.5 -0.363421
1470.5 -0.362483
1471.5 -0.360529
1472.5 -0.357584
1473.5 -0.353682
1474.5 -0.348831
1475.5 -0.343024
1476.5 -0.336245
1477.5 -0.328561
1478.5 -0.320058
1479.5 -0.310793
1480.5 -0.300621
1481.5 -0.289667
1482.5 -0.278106
1483.5 -0.26591
1484.5 -0.25303
1485.5 -0.239511
1486.5 -0.225545
1487.5 -0.211192
1488.5 -0.196357
1489.5 -0.181032
1490.5 -0.165417
1491.5 -0.149613
1492.5 -0.133471
1493.5 -0.116965
1494.5 -0.100329
1495.5 -0.0836693
1496.5 -0.0668469
1497.5 -0.0497897
1498.5 -0.0326356
1499.5 -0.0155716
1500.5 0.00148745
1501.5 0.0187159
1502.5 0.0359755
1503.5 0.0530279
1504.5 0.0699632
1505.5 0.0869168
1506.5 0.103811
1507.5 0.120441
1508.5 0.136851
1509.5 0.153121
1510.5 0.169163
1511.5 0.184848
1512.5 0.200155
1513.5 0.215128
1514.5 0.229692
1515.5 0.243737
1516.5 0.257263
1517.5 0.270234
1518.5 0.282559
1519.5 0.294204
1520.5 0.305146
1521.5 0.31534
1522.5 0.324718
1523.5 0.333217
1524.5 0.340862
1525.5 0.34761
1526.5 0.353382
1527.5 0.358166
1528.5 0.361979
1529.5 0.364795
1530.5 0.366583
1531.5 0.367339
1532.5 0.367075
1533.5 0.365777
1534.5 0.363438
1535.5 0.360106
1536.5 0.355809
1537.5 0.350516
1538.5 0.344208
1539.5 0.336978
1540.5 0.328919
1541.5 0.320018
1542.5 0.31023
1543.5 0.299568
1544.5 0.288199
1545.5 0.276265
1546.5 0.263731
1547.5 0.250458
1548.5 0.236482
1549.5 0.222207
1550.5 0.207646
1551.5 0.192495
1552.5 0.176801
1553.5 0.160909
1554.5 0.144945
1555.5 0.128672
1556.5 0.11196
1557.5 0.0951008
1558.5 0.0783429
1559.5 0.0614515
1560.5 0.0442833
1561.5 0.0270368
1562.5 0.00992482
1563.5 -0.00714234
1564.5 -0.0243728
1565.5 -0.0416307
1566.5 -0.058637
1567.5 -0.0754946
1568.5 -0.0924135
1569.5 -0.109235
1570.5 -0.1257
1571.5 -0.141902
1572.5 -0.158064
1573.5 -0.17399
1574.5 -0.189397
1575.5 -0.204371
1576.5 -0.219146
1577.5 -0.233529
1578.5 -0.24722
1579.5 -0.2603
1580.5 -0.272913
1581.5 -0.284968
1582.5 -0.296253
1583.5 -0.306747
1584.5 -0.316487
1585.5 -0.325439
1586.5 -0.333556
1587.5 -0.340783
1588.5 -0.347064
1589.5 -0.352398
1590.5 -0.35679
1591.5 -0.360229
1592.5 -0.362667
1593.5 -0.364093
1594.5 -0.364526
1595.5 -0.363959
1596.5 -0.362386
1597.5 -0.359827
1598.5 -0.356309
1599.5 -0.351832
1600.5 -0.346395
1601.5 -0.34004
1602.5 -0.332834
1603.5 -0.324792
1604.5 -0.315916
1605.5 -0.306215
1606.5 -0.29579
1607.5 -0.284751
1608.5 -0.27307
1609.5 -0.260718
1610.5 -0.247805
1611.5 -0.23449
1612.5 -0.220732
1613.5 -0.206477
1614.5 -0.191843
1615.5 -0.17693
1616.5 -0.161826
1617.5 -0.14645
1618.5 -0.130752
1619.5 -0.114916
1620.5 -0.0990594
1621.5 -0.0830911
1622.5 -0.0668985
1623.5 -0.0506303
1624.5 -0.0345062
1625.5 -0.0183802
1626.5 -0.00207256
1627.5 0.0141939
1628.5 0.0302033
1629.5 0.0460743
1630.5 0.0620684
1631.5 0.0779509
1632.5 0.0934834
1633.5 0.108693
1634.5 0.123909
1635.5 0.139041
1636.5 0.153628
1637.5 0.167673
1638.5 0.181572
1639.5 0.195264
1640.5 0.208355
1641.5 0.220719
1642.5 0.232651
1643.5 0.244232
1644.5 0.255109
1645.5 0.265099
1646.5 0.274413
1647.5 0.283189
1648.5 0.291175
1649.5 0.29818
1650.5 0.304312
1651.5 0.309704
1652.5 0.314255
1653.5 0.317829
1654.5 0.320464
1655.5 0.322205
1656.5 0.323031
1657.5 0.322907
1658.5 0.321862
1659.5 0.319914
1660.5 0.317033
1661.5 0.313249
1662.5 0.308589
1663.5 0.303104
1664.5 0.296784
1665.5 0.289636
1666.5 0.281698
1667.5 0.273055
1668.5 0.263737
1669.5 0.253748
1670.5 0.243129
1671.5 0.231945
1672.5 0.220254
1673.5 0.208077
1674.5 0.19546
1675.5 0.182452
1676.5 0.169073
1677.5 0.155374
1678.5 0.14141
1679.5 0.127204
1680.5 0.112813
1681.5 0.0982314
1682.5 0.0834826
1683.5 0.0686066
1684.5 0.0536011
1685.5 0.0385749
1686.5 0.0234861
1687.5 0.00837255
1688.5 -0.00679028
1689.5 -0.0219657
1690.5 -0.037083
1691.5 -0.0520893
1692.5 -0.0670565
1693.5 -0.0820183
1694.5 -0.0968131
1695.5 -0.111352
1696.5 -0.125755
1697.5 -0.140092
1698.5 -0.154174
1699.5 -0.167805
1700.5 -0.181078
1701.5 -0.194183
1702.5 -0.206969
1703.5 -0.219157
1704.5 -0.230745
1705.5 -0.24193
1706.5 -0.252715
1707.5 -0.262774
1708.5 -0.272008
1709.5 -0.280612
1710.5 -0.28862
1711.5 -0.295824
1712.5 -0.302122
1713.5 -0.307607
1714.5 -0.312297
1715.5 -0.316099
1716.5 -0.318967
1717.5 -0.320928
1718.5 -0.321988
1719.5 -0.322116
1720.5 -0.321313
1721.5 -0.319606
1722.5 -0.316958
1723.5 -0.313363
1724.5 -0.308899
1725.5 -0.303601
1726.5 -0.297422
1727.5 -0.290336
1728.5 -0.282451
1729.5 -0.273841
1730.5 -0.264527
1731.5 -0.254475
1732.5 -0.24372
1733.5 -0.232311
1734.5 -0.220362
1735.5 -0.207973
1736.5 -0.195039
1737.5 -0.18151
1738.5 -0.167611
1739.5 -0.153478
1740.5 -0.139018
1741.5 -0.124118
1742.5 -0.10894
1743.5 -0.0936244
1744.5 -0.078206
1745.5 -0.0625729
1746.5 -0.0466774
1747.5 -0.0306433
1748.5 -0.0146143
1749.5 0.00138478
1750.5 0.0174724
1751.5 0.0337063
1752.5 0.0499194
1753.5 0.0659641
1754.5 0.0819495
1755.5 0.0979755
1756.5 0.113947
1757.5 0.129705
1758.5 0.145197
1759.5 0.160516
1760.5 0.175705
1761.5 0.19067
1762.5 0.205152
1763.5 0.219216
1764.5 0.233008
1765.5 0.246444
1766.5 0.259262
1767.5 0.271427
1768.5 0.28313
1769.5 0.294287
1770.5 0.304646
1771.5 0.314188
1772.5 0.323042
1773.5 0.331165
1774.5 0.338372
1775.5 0.344613
1776.5 0.349983
1777.5 0.354494
1778.5 0.358028
1779.5 0.360537
1780.5 0.362071
1781.5 0.36263
1782.5 0.36218
1783.5 0.360734
1784.5 0.35831
1785.5 0.354878
1786.5 0.350459
1787.5 0.345101
1788.5 0.338836
1789.5 0.331621
1790.5 0.323493
1791.5 0.314588
1792.5 0.304883
1793.5 0.294334
1794.5 0.283052
1795.5 0.271139
1796.5 0.258595
1797.5 0.245421
1798.5 0.231699
1799.5 0.217485
1800.5 0.202832
1801.5 0.187764
1802.5 0.172336
1803.5 0.156616
1804.5 0.14057
1805.5 0.124263
1806.5 0.107788
1807.5 0.0911814
1808.5 0.0743783
1809.5 0.0573567
1810.5 0.0403584
1811.5 0.0233485
1812.5 0.00627274
1813.5 -0.0108959
1814.5 -0.0280896
1815.5 -0.0451018
1816.5 -0.0619913
1817.5 -0.0788885
1818.5 -0.0958419
1819.5 -0.112575
1820.5 -0.128991
1821.5 -0.145139
1822.5 -0.161164
1823.5 -0.177017
1824.5 -0.192457
1825.5 -0.20739
1826.5 -0.221927
1827.5 -0.236167
1828.5 -0.249976
1829.5 -0.263106
1830.5 -0.275495
1831.5 -0.287308
1832.5 -0.298607
1833.5 -0.309141
1834.5 -0.318758
1835.5 -0.327513
1836.5 -0.335511
1837.5 -0.342683
1838.5 -0.348885
1839.5 -0.354087
1840.5 -0.358325
1841.5 -0.361615
1842.5 -0.363905
1843.5 -0.365171
1844.5 -0.365424
1845.5 -0.36467
1846.5 -0.362893
1847.5 -0.360104
1848.5 -0.356317
1849.5 -0.35158
1850.5 -0.345906
1851.5 -0.339239
1852.5 -0.33162
1853.5 -0.323185
1854.5 -0.31398
1855.5 -0.303925
1856.5 -0.293005
1857.5 -0.281406
1858.5 -0.269239
1859.5 -0.256415
1860.5 -0.242895
1861.5 -0.22888
1862.5 -0.214486
1863.5 -0.199677
1864.5 -0.184334
1865.5 -0.168643
1866.5 -0.152755
1867.5 -0.136581
1868.5 -0.120109
1869.5 -0.103401
1870.5 -0.0865963
1871.5 -0.0696883
1872.5 -0.0526443
1873.5 -0.03552
1874.5 -0.0183333
1875.5 -0.00107847
1876.5 0.0161455
1877.5 0.0332677
1878.5 0.0503659
1879.5 0.0675086
1880.5 0.0845445
1881.5 0.101311
1882.5 0.117903
1883.5 0.134409
1884.5 0.150733
1885.5 0.166716
1886.5 0.182339
1887.5 0.197624
1888.5 0.212605
1889.5 0.227139
1890.5 0.241145
1891.5 0.254624
1892.5 0.267529
1893.5 0.279836
1894.5 0.291459
1895.5 0.302345
1896.5 0.312481
1897.5 0.321814
1898.5 0.330318
1899.5 0.337966
1900.5 0.344678
1901.5 0.35044
1902.5 0.355261
1903.5 0.359112
1904.5 0.361962
1905.5 0.363796
1906.5 0.364628
1907.5 0.364448
1908.5 0.36325
1909.5 0.361053
1910.5 0.357865
1911.5 0.35368
1912.5 0.348516
1913.5 0.342429
1914.5 0.335447
1915.5 0.327546
1916.5 0.318769
1917.5 0.309198
1918.5 0.298897
1919.5 0.287805
1920.5 0.27598
1921.5 0.263612
1922.5 0.25065
1923.5 0.237049
1924.5 0.222963
1925.5 0.208476
1926.5 0.19359
1927.5 0.178303
1928.5 0.162683
1929.5 0.146799
1930.5 0.130671
1931.5 0.114327
1932.5 0.0977813
1933.5 0.0811075
1934.5 0.0643417
1935.5 0.0474582
1936.5 0.0305268
1937.5 0.0135542
1938.5 -0.00342531
1939.5 -0.0204087
1940.5 -0.0373553
1941.5 -0.0542187
1942.5 -0.0710087
1943.5 -0.0876889
1944.5 -0.104197
1945.5 -0.120487
1946.5 -0.136632
1947.5 -0.152581
1948.5 -0.16821
1949.5 -0.18345
1950.5 -0.198368
1951.5 -0.212957
1952.5 -0.227045
1953.5 -0.240593
1954.5 -0.253645
1955.5 -0.266122
1956.5 -0.277954
1957.5 -0.289122
1958.5 -0.299567
1959.5 -0.309253
1960.5 -0.318153
1961.5 -0.326242
1962.5 -0.333485
1963.5 -0.339824
1964.5 -0.345248
1965.5 -0.349778
1966.5 -0.353385
1967.5 -0.356047
1968.5 -0.357764
1969.5 -0.358544
1970.5 -0.358392
1971.5 -0.357312
1972.5 -0.355337
1973.5 -0.352481
1974.5 -0.34873
1975.5 -0.344156
1976.5 -0.338817
1977.5 -0.332724
1978.5 -0.325876
1979.5 -0.31835
1980.5 -0.310264
1981.5 -0.301652
1982.5 -0.292471
1983.5 -0.282813
1984.5 -0.272869
1985.5 -0.262668
1986.5 -0.252174
1987.5 -0.241442
1988.5 -0.230659
1989.5 -0.219866
1990.5 -0.209071
1991.5 -0.198254
1992.5 -0.18762
1993.5 -0.177189
1994.5 -0.166919
1995.5 -0.156882
1996.5 -0.147135
1997.5 -0.137707
1998.5 -0.12858
1999.5 -0.119779
2000.5 -0.111352
2001.5 -0.103275
2002.5 -0.0955208
2003.5 -0.0881018
2004.5 -0.0810341
2005.5 -0.0742889
2006.5 -0.0678083
2007.5 -0.0615784
2008.5 -0.0556024
2009.5 -0.0498484
2010.5 -0.044265
2011.5 -0.0388165
2012.5 -0.0334863
2013.5 -0.0282094
2014.5 -0.0229799
2015.5 -0.0177868
2016.5 -0.0125938
2017.5 -0.00729861
2018.5 -0.0019107
2019.5 0.00352123
2020.5 0.00904044
2021.5 0.0147515
2022.5 0.0206575
2023.5 0.0266851
2024.5 0.0328227
2025.5 0.0391514
2026.5 0.0457047
2027.5 0.0524283
2028.5 0.0592722
2029.5 0.0662493
2030.5 0.0733851
2031.5 0.0806834
2032.5 0.0880802
2033.5 0.0955356
2034.5 0.103061
2035.5 0.110632
2036.5 0.118245
2037.5 0.125849
2038.5 0.133416
2039.5 0.140935
2040.5 0.148405
2041.5 0.155777
2042.5 0.163015
2043.5 0.170108
2044.5 0.177035
2045.5 0.183813
2046.5 0.190384
2047.5 0.196708
2048.5 0.20282
2049.5 0.208692
2050.5 0.21428
2051.5 0.219573
2052.5 0.224581
2053.5 0.229305
2054.5 0.233694
2055.5 0.237727
2056.5 0.241431
2057.5 0.244801
2058.5 0.247804
2059.5 0.250419
2060.5 0.252657
2061.5 0.254529
2062.5 0.256009
2063.5 0.257078
2064.5 0.257751
2065.5 0.258025
2066.5 0.257891
2067.5 0.257352
2068.5 0.256407
2069.5 0.255049
2070.5 0.253284
2071.5 0.251135
2072.5 0.248601
2073.5 0.245641
2074.5 0.242283
2075.5 0.238583
2076.5 0.23454
2077.5 0.23009
2078.5 0.225251
2079.5 0.220097
2080.5 0.214656
2081.5 0.208872
2082.5 0.202719
2083.5 0.196272
2084.5 0.189581
2085.5 0.182641
2086.5 0.175433
2087.5 0.16795
2088.5 0.160249
2089.5 0.152379
2090.5 0.144354
2091.5 0.136138
2092.5 0.12775
2093.5 0.119266
2094.5 0.110754
2095.5 0.102172
2096.5 0.0935048
2097.5 0.0848332
2098.5 0.0762105
2099.5 0.067648
2100.5 0.0591764
2101.5 0.0507793
2102.5 0.0425006
2103.5 0.0343963
2104.5 0.0265004
2105.5 0.0188201
2106.5 0.0113512
2107.5 0.00411113
2108.5 -0.00283944
2109.5 -0.009456
2110.5 -0.0157639
2111.5 -0.0217983
2112.5 -0.0275278
2113.5 -0.0328756
2114.5 -0.0378361
2115.5 -0.0424809
2116.5 -0.0468119
2117.5 -0.0507735
2118.5 -0.0543545
2119.5 -0.0576211
2120.5 -0.0605698
2121.5 -0.0631911
2122.5 -0.0654878
2123.5 -0.067491
2124.5 -0.0692195
2125.5 -0.0706748
2126.5 -0.0718618
2127.5 -0.0728143
2128.5 -0.0735471
2129.5 -0.074067
2130.5 -0.074388
2131.5 -0.0745291
2132.5 -0.074507
2133.5 -0.0743285
2134.5 -0.0740158
2135.5 -0.0735833
2136.5 -0.0730302
2137.5 -0.0723695
2138.5 -0.0716243
2139.5 -0.0708105
2140.5 -0.0699225
2141.5 -0.0689588
2142.5 -0.0679466
2143.5 -0.0668992
2144.5 -0.0658098
2145.5 -0.0646788
2146.5 -0.0635236
2147.5 -0.0623579
2148.5 -0.061175
2149.5 -0.0599702
2150.5 -0.0587621
2151.5 -0.0575534
2152.5 -0.0563508
2153.5 -0.05514
2154.5 -0.0539315
2155.5 -0.0527361
2156.5 -0.051556
2157.5 -0.0503821
2158.5 -0.0492201
2159.5 -0.048071
2160.5 -0.0469389
2161.5 -0.0458269
2162.5 -0.0447304
2163.5 -0.0436467
2164.5 -0.04258
2165.5 -0.0415431
2166.5 -0.0405281
2167.5 -0.0395231
2168.5 -0.038536
2169.5 -0.0375739
2170.5 -0.0366394
2171.5 -0.0357222
2172.5 -0.0348193
2173.5 -0.0339372
2174.5 -0.0330784
2175.5 -0.0322442
2176.5 -0.031425
2177.5 -0.030624
2178.5 -0.0298394
2179.5 -0.0290813
2180.5 -0.0283429
2181.5 -0.0276205
2182.5 -0.0269135
2183.5 -0.0262231
2184.5 -0.0255569
2185.5 -0.0249088
2186.5 -0.0242714
2187.5 -0.0236505
2188.5 -0.0230476
2189.5 -0.0224624
2190.5 -0.021894
2191.5 -0.0213364
2192.5 -0.0207927
2193.5 -0.0202677
2194.5 -0.0197558
2195.5 -0.0192557
2196.5 -0.0187669
2197.5 -0.0182958
2198.5 -0.0178413
2199.5 -0.0173927
2200.5 -0.0169542
2201.5 -0.0165298
2202.5 -0.0161219
2203.5 -0.01572
2204.5 -0.015326
2205.5 -0.014947
2206.5 -0.0145816
2207.5 -0.0142232
2208.5 -0.0138698
2209.5 -0.0135287
2210.5 -0.0132014
2211.5 -0.0128807
2212.5 -0.0125652
2213.5 -0.0122586
2214.5 -0.0119632
2215.5 -0.0116773
2216.5 -0.0113958
2217.5 -0.0111211
2218.5 -0.0108563
2219.5 -0.0105982
2220.5 -0.0103485
2221.5 -0.0101003
2222.5 -0.00986132
2223.5 -0.0096292
2224.5 -0.00940439
2225.5 -0.00918274
2226.5 -0.0089677
2227.5 -0.00876019
2228.5 -0.00855756
2229.5 -0.00836028
2230.5 -0.00816634
2231.5 -0.00797911
2232.5 -0.00779709
2233.5 -0.00761951
2234.5 -0.00744671
2235.5 -0.00727755
2236.5 -0.00711161
2237.5 -0.00695269
2238.5 -0.00679808
2239.5 -0.00664507
2240.5 -0.00649658
2241.5 -0.00635249
2242.5 -0.00621303
2243.5 -0.00607788
2244.5 -0.00594395
2245.5 -0.0058118
2246.5 -0.00568537
2247.5 -0.00556236
2248.5 -0.00544189
2249.5 -0.00532423
2250.5 -0.00520879
2251.5 -0.00509719
2252.5 -0.00498757
2253.5 -0.00488276
2254.5 -0.00477727
2255.5 -0.0046774
2256.5 -0.00458035
2257.5 -0.00448532
2258.5 -0.00439148
2259.5 -0.00429753
2260.5 -0.00420975
2261.5 -0.00412359
2262.5 -0.00403872
2263.5 -0.00395648
2264.5 -0.00387519
2265.5 -0.00379691
2266.5 -0.00372011
2267.5 -0.00364384
2268.5 -0.00356964
2269.5 -0.00349893
2270.5 -0.00343105
2271.5 -0.00336107
2272.5 -0.00329463
2273.5 -0.0032281
2274.5 -0.00316476
2275.5 -0.003104
2276.5 -0.00304259
2277.5 -0.00298341
2278.5 -0.00292667
2279.5 -0.0028691
2280.5 -0.00281178
2281.5 -0.00275867
2282.5 -0.00270558
2283.5 -0.00265484
2284.5 -0.00260462
2285.5 -0.00255574
2286.5 -0.00250815
2287.5 -0.00246114
2288.5 -0.00241444
2289.5 -0.00236983
2290.5 -0.00232602
2291.5 -0.0022817
2292.5 -0.0022399
2293.5 -0.00220083
2294.5 -0.00216058
2295.5 -0.00211962
2296.5 -0.00208122
2297.5 -0.00204266
2298.5 -0.00200648
2299.5 -0.00197024
2300.5 -0.00193607
2301.5 -0.00190112
2302.5 -0.00186717
2303.5 -0.00183408
2304.5 -0.00180185
2305.5 -0.00176909
2306.5 -0.0017389
2307.5 -0.00170805
2308.5 -0.00167796
2309.5 -0.0016498
2310.5 -0.0016222
2311.5 -0.00159417
2312.5 -0.00156672
2313.5 -0.00153964
2314.5 -0.00151447
2315.5 -0.00148917
2316.5 -0.00146277
2317.5 -0.00143797
2318.5 -0.00141408
2319.5 -0.00139077
2320.5 -0.00136771
2321.5 -0.00134458
2322.5 -0.00132249
2323.5 -0.00130089
2324.5 -0.00128077
2325.5 -0.0012583
2326.5 -0.00123829
2327.5 -0.00121853
2328.5 -0.00119887
2329.5 -0.00117934
2330.5 -0.00116083
2331.5 -0.00114345
2332.5 -0.00112493
2333.5 -0.00110576
2334.5 -0.00108831
2335.5 -0.00107023
2336.5 -0.00105456
2337.5 -0.00103895
2338.5 -0.00102249
2339.5 -0.0010058
2340.5 -0.000991751
2341.5 -0.000975092
2342.5 -0.000959884
2343.5 -0.000945795
2344.5 -0.000929964
2345.5 -0.00091659
2346.5 -0.000904106
2347.5 -0.000891787
2348.5 -0.00087851
2349.5 -0.000864854
2350.5 -0.000851381
2351.5 -0.000840405
2352.5 -0.000827709
2353.5 -0.000815424
2354.5 -0.000804023
2355.5 -0.000790967
2356.5 -0.000779319
2357.5 -0.000767928
2358.5 -0.00075718
2359.5 -0.000746552
2360.5 -0.000735894
2361.5 -0.00072612
2362.5 -0.000716695
2363.5 -0.000705819
2364.5 -0.000694911
2365.5 -0.000685827
2366.5 -0.000676643
2367.5 -0.000666464
2368.5 -0.000656644
2369.5 -0.000647225
2370.5 -0.000637923
2371.5 -0.000628598
2372.5 -0.000620118
2373.5 -0.000612507
2374.5 -0.000604031
2375.5 -0.000595796
2376.5 -0.000587606
2377.5 -0.000581054
2378.5 -0.000571843
2379.5 -0.00056347
2380.5 -0.000556739
2381.5 -0.000550391
2382.5 -0.000541745
2383.5 -0.000535572
2384.5 -0.000527124
2385.5 -0.000520863
2386.5 -0.000515478
2387.5 -0.000507737
2388.5 -0.000500994
2389.5 -0.000495145
2390.5 -0.000489702
2391.5 -0.000482146
2392.5 -0.000476035
2393.5 -0.000469981
2394.5 -0.000464184
2395.5 -0.000459396
2396.5 -0.000453281
2397.5 -0.00044794
2398.5 -0.000442635
2399.5 -0.000437068
2400.5 -0.000431926
2401.5 -0.000425825
2402.5 -0.000420081
2403.5 -0.000416796
2404.5 -0.000411987
2405.5 -0.00040678
2406.5 -0.000401668
2407.5 -0.000396607
2408.5 -0.000392048
2409.5 -0.000386871
2410.5 -0.000382267
2411.5 -0.000378269
2412.5 -0.000374413
2413.5 -0.000369309
2414.5 -0.000364834
2415.5 -0.000359293
2416.5 -0.000355391
2417.5 -0.000352412
2418.5 -0.000348556
2419.5 -0.000344717
2420.5 -0.000340578
2421.5 -0.000336918
2422.5 -0.000332566
2423.5 -0.000328497
2424.5 -0.000326163
2425.5 -0.000322615
2426.5 -0.000319606
2427.5 -0.00031555
2428.5 -0.000311782
2429.5 -0.000308022
2430.5 -0.000303728
2431.5 -0.000302719
2432.5 -0.000298722
2433.5 -0.00029576
2434.5 -0.000292264
2435.5 -0.000289505
2436.5 -0.000286051
2437.5 -0.000284152
2438.5 -0.000281046
2439.5 -0.000276699
2440.5 -0.000272248
2441.5 -0.000270514
2442.5 -0.000268445
2443.5 -0.000264777
2444.5 -0.00026277
2445.5 -0.000259647
2446.5 -0.000256459
2447.5 -0.000253457
2448.5 -0.000251465
2449.5 -0.000249999
2450.5 -0.000246698
2451.5 -0.000245469
2452.5 -0.000242826
2453.5 -0.000239325
2454.5 -0.000237554
2455.5 -0.00023493
2456.5 -0.000234028
2457.5 -0.000230747
2458.5 -0.000228444
2459.5 -0.00022323
2460.5 -0.000222691
2461.5 -0.000222168
2462.5 -0.00022
2463.5 -0.00021764
2464.5 -0.000215867
2465.5 -0.000213646
2466.5 -0.000211021
2467.5 -0.00020958
2468.5 -0.000207508
2469.5 -0.000205118
