-2651.0 1.64492e-05
-2650.0 1.6587e-05
-2649.0 1.6905e-05
-2648.0 1.59423e-05
-2647.0 1.76167e-05
-2646.0 1.76578e-05
-2645.0 1.7643e-05
-2644.0 1.82514e-05
-2643.0 1.76655e-05
-2642.0 1.81994e-05
-2641.0 1.82488e-05
-2640.0 1.86408e-05
-2639.0 1.94181e-05
-2638.0 1.89441e-05
-2637.0 1.92247e-05
-2636.0 1.95651e-05
-2635.0 1.90472e-05
-2634.0 1.88964e-05
-2633.0 2.06385e-05
-2632.0 2.06119e-05
-2631.0 2.0544e-05
-2630.0 2.09847e-05
-2629.0 2.11215e-05
-2628.0 2.29853e-05
-2627.0 2.24432e-05
-2626.0 2.23864e-05
-2625.0 2.30664e-05
-2624.0 2.13971e-05
-2623.0 2.30035e-05
-2622.0 2.19673e-05
-2621.0 2.38753e-05
-2620.0 2.53695e-05
-2619.0 2.40865e-05
-2618.0 2.36112e-05
-2617.0 2.53289e-05
-2616.0 2.65122e-05
-2615.0 2.66532e-05
-2614.0 2.5415e-05
-2613.0 2.63319e-05
-2612.0 2.70037e-05
-2611.0 2.80351e-05
-2610.0 2.78426e-05
-2609.0 2.81674e-05
-2608.0 2.80204e-05
-2607.0 2.7654e-05
-2606.0 2.79174e-05
-2605.0 2.93201e-05
-2604.0 3.03742e-05
-2603.0 2.97134e-05
-2602.0 2.98629e-05
-2601.0 3.10671e-05
-2600.0 3.12206e-05
-2599.0 3.04341e-05
-2598.0 3.03207e-05
-2597.0 3.14499e-05
-2596.0 3.21503e-05
-2595.0 3.29745e-05
-2594.0 3.19626e-05
-2593.0 3.37378e-05
-2592.0 3.36831e-05
-2591.0 3.48551e-05
-2590.0 3.42698e-05
-2589.0 3.53441e-05
-2588.0 3.54417e-05
-2587.0 3.60273e-05
-2586.0 3.54474e-05
-2585.0 3.67678e-05
-2584.0 3.73949e-05
-2583.0 3.7109e-05
-2582.0 3.77216e-05
-2581.0 3.74104e-05
-2580.0 3.78099e-05
-2579.0 3.85825e-05
-2578.0 3.83517e-05
-2577.0 3.86104e-05
-2576.0 3.93143e-05
-2575.0 3.95525e-05
-2574.0 3.99918e-05
-2573.0 4.06985e-05
-2572.0 4.04073e-05
-2571.0 4.19836e-05
-2570.0 4.20087e-05
-2569.0 4.26726e-05
-2568.0 4.31668e-05
-2567.0 4.31845e-05
-2566.0 4.43552e-05
-2565.0 4.37525e-05
-2564.0 4.54209e-05
-2563.0 4.61151e-05
-2562.0 4.65803e-05
-2561.0 4.73394e-05
-2560.0 4.67407e-05
-2559.0 4.76853e-05
-2558.0 4.7449e-05
-2557.0 4.82735e-05
-2556.0 5.00286e-05
-2555.0 5.02265e-05
-2554.0 5.08838e-05
-2553.0 5.16497e-05
-2552.0 5.12968e-05
-2551.0 5.20859e-05
-2550.0 5.36612e-05
-2549.0 5.37789e-05
-2548.0 5.41982e-05
-2547.0 5.49593e-05
-2546.0 5.46144e-05
-2545.0 5.65007e-05
-2544.0 5.66916e-05
-2543.0 5.56769e-05
-2542.0 5.7424e-05
-2541.0 5.68249e-05
-2540.0 5.79171e-05
-2539.0 5.85789e-05
-2538.0 5.89872e-05
-2537.0 6.07122e-05
-2536.0 6.09598e-05
-2535.0 6.17909e-05
-2534.0 6.25815e-05
-2533.0 6.34583e-05
-2532.0 6.47129e-05
-2531.0 6.55348e-05
-2530.0 6.58421e-05
-2529.0 6.63795e-05
-2528.0 6.73766e-05
-2527.0 6.86817e-05
-2526.0 6.92202e-05
-2525.0 6.85542e-05
-2524.0 7.00955e-05
-2523.0 7.20439e-05
-2522.0 7.1249e-05
-2521.0 7.36797e-05
-2520.0 7.40535e-05
-2519.0 7.46833e-05
-2518.0 7.52225e-05
-2517.0 7.52105e-05
-2516.0 7.63099e-05
-2515.0 7.80414e-05
-2514.0 7.93285e-05
-2513.0 7.89108e-05
-2512.0 7.85577e-05
-2511.0 8.07004e-05
-2510.0 8.15461e-05
-2509.0 8.30946e-05
-2508.0 8.32479e-05
-2507.0 8.30195e-05
-2506.0 8.46577e-05
-2505.0 8.49818e-05
-2504.0 8.71241e-05
-2503.0 8.89123e-05
-2502.0 8.84467e-05
-2501.0 9.02798e-05
-2500.0 9.14735e-05
-2499.0 9.22788e-05
-2498.0 9.40679e-05
-2497.0 9.48669e-05
-2496.0 9.584e-05
-2495.0 9.79161e-05
-2494.0 9.7814e-05
-2493.0 9.90793e-05
-2492.0 0.000100156
-2491.0 0.000100724
-2490.0 0.000102999
-2489.0 0.000105417
-2488.0 0.000105893
-2487.0 0.000108723
-2486.0 0.000108663
-2485.0 0.000108697
-2484.0 0.00011038
-2483.0 0.000111578
-2482.0 0.000113512
-2481.0 0.000115684
-2480.0 0.000116463
-2479.0 0.000117591
-2478.0 0.000119319
-2477.0 0.000121471
-2476.0 0.00012298
-2475.0 0.000122435
-2474.0 0.000123482
-2473.0 0.000126309
-2472.0 0.000127769
-2471.0 0.000128708
-2470.0 0.000129568
-2469.0 0.000132596
-2468.0 0.000134652
-2467.0 0.000135167
-2466.0 0.000136292
-2465.0 0.000139218
-2464.0 0.000139869
-2463.0 0.000141308
-2462.0 0.00014321
-2461.0 0.00014474
-2460.0 0.000147805
-2459.0 0.000149346
-2458.0 0.000149804
-2457.0 0.000153439
-2456.0 0.000155067
-2455.0 0.000157175
-2454.0 0.000158677
-2453.0 0.000158727
-2452.0 0.000161792
-2451.0 0.000164484
-2450.0 0.000166318
-2449.0 0.00016822
-2448.0 0.000169673
-2447.0 0.000171657
-2446.0 0.000173315
-2445.0 0.000177365
-2444.0 0.000179275
-2443.0 0.000181206
-2442.0 0.000184604
-2441.0 0.000186255
-2440.0 0.000188577
-2439.0 0.000190882
-2438.0 0.000193123
-2437.0 0.000196551
-2436.0 0.000198417
-2435.0 0.000200404
-2434.0 0.000203905
-2433.0 0.000206024
-2432.0 0.000207862
-2431.0 0.000211591
-2430.0 0.000214611
-2429.0 0.000216209
-2428.0 0.000218791
-2427.0 0.000222916
-2426.0 0.000225818
-2425.0 0.000228903
-2424.0 0.000232113
-2423.0 0.000234101
-2422.0 0.000237712
-2421.0 0.000240161
-2420.0 0.000242793
-2419.0 0.000246851
-2418.0 0.000250294
-2417.0 0.000254337
-2416.0 0.000258304
-2415.0 0.000262225
-2414.0 0.000264473
-2413.0 0.000268459
-2412.0 0.000271324
-2411.0 0.000275225
-2410.0 0.000278757
-2409.0 0.000282507
-2408.0 0.000287429
-2407.0 0.000292271
-2406.0 0.000295864
-2405.0 0.000299726
-2404.0 0.000303316
-2403.0 0.000307583
-2402.0 0.000313147
-2401.0 0.000316988
-2400.0 0.000320158
-2399.0 0.000325726
-2398.0 0.000330534
-2397.0 0.000334364
-2396.0 0.00034005
-2395.0 0.000344351
-2394.0 0.000348686
-2393.0 0.000352959
-2392.0 0.000357695
-2391.0 0.000363925
-2390.0 0.000369024
-2389.0 0.000375344
-2388.0 0.00038049
-2387.0 0.000386145
-2386.0 0.000391182
-2385.0 0.000397425
-2384.0 0.000402646
-2383.0 0.000409458
-2382.0 0.000414365
-2381.0 0.000420898
-2380.0 0.000427626
-2379.0 0.000434397
-2378.0 0.000441851
-2377.0 0.00044766
-2376.0 0.000452885
-2375.0 0.000460432
-2374.0 0.000467049
-2373.0 0.000473499
-2372.0 0.000483112
-2371.0 0.000490276
-2370.0 0.000498458
-2369.0 0.000506412
-2368.0 0.000513523
-2367.0 0.000520777
-2366.0 0.000531363
-2365.0 0.00053711
-2364.0 0.000545807
-2363.0 0.000555328
-2362.0 0.000564538
-2361.0 0.000572984
-2360.0 0.000582185
-2359.0 0.000590143
-2358.0 0.000600454
-2357.0 0.000610557
-2356.0 0.000619854
-2355.0 0.000630529
-2354.0 0.000640691
-2353.0 0.00065083
-2352.0 0.000661866
-2351.0 0.000672113
-2350.0 0.000681816
-2349.0 0.000692806
-2348.0 0.000704873
-2347.0 0.000716518
-2346.0 0.000728929
-2345.0 0.000740822
-2344.0 0.000751434
-2343.0 0.000767275
-2342.0 0.000778775
-2341.0 0.000790139
-2340.0 0.000804883
-2339.0 0.000818662
-2338.0 0.000832483
-2337.0 0.000845925
-2336.0 0.00085895
-2335.0 0.000875112
-2334.0 0.00089082
-2333.0 0.000905328
-2332.0 0.000921076
-2331.0 0.000936988
-2330.0 0.000952729
-2329.0 0.000970418
-2328.0 0.000987726
-2327.0 0.0010049
-2326.0 0.00102248
-2325.0 0.00104108
-2324.0 0.00106018
-2323.0 0.00107763
-2322.0 0.00109767
-2321.0 0.00111856
-2320.0 0.00113808
-2319.0 0.0011601
-2318.0 0.00118163
-2317.0 0.00120229
-2316.0 0.00122466
-2315.0 0.00124701
-2314.0 0.00127039
-2313.0 0.00129349
-2312.0 0.00131842
-2311.0 0.00134174
-2310.0 0.00136768
-2309.0 0.00139353
-2308.0 0.00141996
-2307.0 0.00144704
-2306.0 0.0014742
-2305.0 0.00150152
-2304.0 0.00153045
-2303.0 0.00156004
-2302.0 0.00158962
-2301.0 0.00162108
-2300.0 0.00165328
-2299.0 0.001685
-2298.0 0.00171743
-2297.0 0.0017516
-2296.0 0.00178656
-2295.0 0.00182108
-2294.0 0.00185791
-2293.0 0.00189453
-2292.0 0.00193122
-2291.0 0.00197185
-2290.0 0.00200985
-2289.0 0.00205256
-2288.0 0.00209365
-2287.0 0.00213666
-2286.0 0.00218073
-2285.0 0.00222522
-2284.0 0.00227242
-2283.0 0.00231952
-2282.0 0.00236808
-2281.0 0.00241812
-2280.0 0.00246718
-2279.0 0.0025193
-2278.0 0.00257339
-2277.0 0.00262707
-2276.0 0.00268422
-2275.0 0.00274196
-2274.0 0.00280048
-2273.0 0.00286174
-2272.0 0.00292338
-2271.0 0.00298716
-2270.0 0.00305173
-2269.0 0.00311826
-2268.0 0.00318623
-2267.0 0.00325698
-2266.0 0.00333086
-2265.0 0.00340556
-2264.0 0.00348117
-2263.0 0.0035595
-2262.0 0.00363912
-2261.0 0.00372336
-2260.0 0.00380735
-2259.0 0.00389498
-2258.0 0.00398565
-2257.0 0.00407761
-2256.0 0.00417109
-2255.0 0.00426962
-2254.0 0.00436973
-2253.0 0.00447249
-2252.0 0.00457811
-2251.0 0.00468616
-2250.0 0.00479779
-2249.0 0.00491342
-2248.0 0.00503157
-2247.0 0.00515288
-2246.0 0.00527767
-2245.0 0.00540562
-2244.0 0.00553861
-2243.0 0.00567476
-2242.0 0.00581413
-2241.0 0.0059582
-2240.0 0.00610684
-2239.0 0.00625853
-2238.0 0.00641541
-2237.0 0.00657799
-2236.0 0.00674518
-2235.0 0.00691704
-2234.0 0.00708953
-2233.0 0.00727302
-2232.0 0.00746067
-2231.0 0.00765343
-2230.0 0.00785403
-2229.0 0.00805798
-2228.0 0.00826862
-2227.0 0.00848554
-2226.0 0.00871026
-2225.0 0.00894188
-2224.0 0.00918199
-2223.0 0.00942871
-2222.0 0.00968072
-2221.0 0.00994307
-2220.0 0.0102135
-2219.0 0.0104918
-2218.0 0.0107813
-2217.0 0.0110781
-2216.0 0.0113832
-2215.0 0.0117001
-2214.0 0.0120282
-2213.0 0.0123655
-2212.0 0.0127113
-2211.0 0.0130707
-2210.0 0.0134418
-2209.0 0.0138269
-2208.0 0.014223
-2207.0 0.0146315
-2206.0 0.0150569
-2205.0 0.0154935
-2204.0 0.015946
-2203.0 0.0164124
-2202.0 0.0168938
-2201.0 0.0173935
-2200.0 0.0179092
-2199.0 0.0184431
-2198.0 0.0189968
-2197.0 0.0195679
-2196.0 0.0201593
-2195.0 0.0207714
-2194.0 0.0214031
-2193.0 0.022059
-2192.0 0.0227371
-2191.0 0.0234371
-2190.0 0.024161
-2189.0 0.0249112
-2188.0 0.0256946
-2187.0 0.0265003
-2186.0 0.0273336
-2185.0 0.0281967
-2184.0 0.0290939
-2183.0 0.0300236
-2182.0 0.0309846
-2181.0 0.031976
-2180.0 0.0330072
-2179.0 0.0340784
-2178.0 0.0351863
-2177.0 0.0363338
-2176.0 0.0375207
-2175.0 0.0387523
-2174.0 0.0400312
-2173.0 0.0413588
-2172.0 0.0427348
-2171.0 0.0441568
-2170.0 0.0456299
-2169.0 0.0471576
-2168.0 0.0487466
-2167.0 0.0503999
-2166.0 0.0521071
-2165.0 0.0538739
-2164.0 0.055705
-2163.0 0.0576085
-2162.0 0.059582
-2161.0 0.0616274
-2160.0 0.0637496
-2159.0 0.0659454
-2158.0 0.0682244
-2157.0 0.070584
-2156.0 0.0730335
-2155.0 0.0755698
-2154.0 0.0781996
-2153.0 0.0809221
-2152.0 0.0837416
-2151.0 0.0866636
-2150.0 0.089688
-2149.0 0.0928138
-2148.0 0.0960462
-2147.0 0.0993908
-2146.0 0.102846
-2145.0 0.106414
-2144.0 0.110103
-2143.0 0.113906
-2142.0 0.117812
-2141.0 0.121831
-2140.0 0.125962
-2139.0 0.130211
-2138.0 0.134572
-2137.0 0.139018
-2136.0 0.14355
-2135.0 0.148147
-2134.0 0.152822
-2133.0 0.157549
-2132.0 0.162296
-2131.0 0.167025
-2130.0 0.171714
-2129.0 0.176347
-2128.0 0.180858
-2127.0 0.185177
-2126.0 0.189249
-2125.0 0.193001
-2124.0 0.196349
-2123.0 0.199192
-2122.0 0.201416
-2121.0 0.202901
-2120.0 0.203528
-2119.0 0.203173
-2118.0 0.201693
-2117.0 0.198963
-2116.0 0.194892
-2115.0 0.189384
-2114.0 0.182341
-2113.0 0.173713
-2112.0 0.163498
-2111.0 0.151758
-2110.0 0.138517
-2109.0 0.123788
-2108.0 0.107672
-2107.0 0.0903588
-2106.0 0.0719981
-2105.0 0.0525912
-2104.0 0.0322478
-2103.0 0.0111746
-2102.0 -0.0104229
-2101.0 -0.0324758
-2100.0 -0.0549116
-2099.0 -0.0776425
-2098.0 -0.100538
-2097.0 -0.123466
-2096.0 -0.146333
-2095.0 -0.169003
-2094.0 -0.191384
-2093.0 -0.213409
-2092.0 -0.234911
-2091.0 -0.255757
-2090.0 -0.276001
-2089.0 -0.295674
-2088.0 -0.314634
-2087.0 -0.332768
-2086.0 -0.350094
-2085.0 -0.366735
-2084.0 -0.382849
-2083.0 -0.398511
-2082.0 -0.413672
-2081.0 -0.428444
-2080.0 -0.442955
-2079.0 -0.457337
-2078.0 -0.471537
-2077.0 -0.485463
-2076.0 -0.499045
-2075.0 -0.512197
-2074.0 -0.524781
-2073.0 -0.536605
-2072.0 -0.54738
-2071.0 -0.556871
-2070.0 -0.564943
-2069.0 -0.571489
-2068.0 -0.576357
-2067.0 -0.579419
-2066.0 -0.580649
-2065.0 -0.580058
-2064.0 -0.577647
-2063.0 -0.573442
-2062.0 -0.567569
-2061.0 -0.560177
-2060.0 -0.551414
-2059.0 -0.541396
-2058.0 -0.53034
-2057.0 -0.51854
-2056.0 -0.506219
-2055.0 -0.493521
-2054.0 -0.480484
-2053.0 -0.467252
-2052.0 -0.453908
-2051.0 -0.440452
-2050.0 -0.426869
-2049.0 -0.412911
-2048.0 -0.398512
-2047.0 -0.383688
-2046.0 -0.368382
-2045.0 -0.352499
-2044.0 -0.33593
-2043.0 -0.318605
-2042.0 -0.300587
-2041.0 -0.282017
-2040.0 -0.262966
-2039.0 -0.243476
-2038.0 -0.223603
-2037.0 -0.203439
-2036.0 -0.183213
-2035.0 -0.163123
-2034.0 -0.143243
-2033.0 -0.123682
-2032.0 -0.1046
-2031.0 -0.0861571
-2030.0 -0.0685539
-2029.0 -0.0519146
-2028.0 -0.0364035
-2027.0 -0.0221648
-2026.0 -0.00930905
-2025.0 0.00208945
-2024.0 0.0119124
-2023.0 0.0200856
-2022.0 0.026577
-2021.0 0.0313818
-2020.0 0.0345717
-2019.0 0.0362421
-2018.0 0.0364926
-2017.0 0.0354598
-2016.0 0.033319
-2015.0 0.030257
-2014.0 0.02647
-2013.0 0.0221654
-2012.0 0.0175645
-2011.0 0.0129207
-2010.0 0.0084734
-2009.0 0.00446411
-2008.0 0.0011614
-2007.0 -0.00113514
-2006.0 -0.00214255
-2005.0 -0.00157922
-2004.0 0.000858398
-2003.0 0.00545376
-2002.0 0.0124435
-2001.0 0.02203
-2000.0 0.0343872
-1999.0 0.0496787
-1998.0 0.0680641
-1997.0 0.0893436
-1996.0 0.113462
-1995.0 0.14039
-1994.0 0.170262
-1993.0 0.203077
-1992.0 0.238339
-1991.0 0.275652
-1990.0 0.315193
-1989.0 0.357347
-1988.0 0.401848
-1987.0 0.447968
-1986.0 0.4952
-1985.0 0.543453
-1984.0 0.593032
-1983.0 0.643299
-1982.0 0.692948
-1981.0 0.74118
-1980.0 0.787117
-1979.0 0.830338
-1978.0 0.870411
-1977.0 0.906393
-1976.0 0.937502
-1975.0 0.963545
-1974.0 0.984757
-1973.0 1.00144
-1972.0 1.0139
-1971.0 1.02243
-1970.0 1.02735
-1969.0 1.02889
-1968.0 1.02716
-1967.0 1.02207
-1966.0 1.01337
-1965.0 1.00078
-1964.0 0.98404
-1963.0 0.962899
-1962.0 0.93718
-1961.0 0.906819
-1960.0 0.872106
-1959.0 0.833617
-1958.0 0.791976
-1957.0 0.74813
-1956.0 0.702816
-1955.0 0.656646
-1954.0 0.609985
-1953.0 0.56353
-1952.0 0.518073
-1951.0 0.473549
-1950.0 0.430205
-1949.0 0.387966
-1948.0 0.346955
-1947.0 0.307194
-1946.0 0.2687
-1945.0 0.231334
-1944.0 0.194837
-1943.0 0.159066
-1942.0 0.124032
-1941.0 0.0895639
-1940.0 0.055535
-1939.0 0.0218014
-1938.0 -0.0119234
-1937.0 -0.045807
-1936.0 -0.07987
-1935.0 -0.114105
-1934.0 -0.148794
-1933.0 -0.184259
-1932.0 -0.220605
-1931.0 -0.257778
-1930.0 -0.295839
-1929.0 -0.33508
-1928.0 -0.375673
-1927.0 -0.417627
-1926.0 -0.460859
-1925.0 -0.505181
-1924.0 -0.550809
-1923.0 -0.597667
-1922.0 -0.645341
-1921.0 -0.693359
-1920.0 -0.741017
-1919.0 -0.787996
-1918.0 -0.833756
-1917.0 -0.877265
-1916.0 -0.917589
-1915.0 -0.954085
-1914.0 -0.986328
-1913.0 -1.01406
-1912.0 -1.03705
-1911.0 -1.0553
-1910.0 -1.0692
-1909.0 -1.07909
-1908.0 -1.08528
-1907.0 -1.088
-1906.0 -1.08737
-1905.0 -1.08336
-1904.0 -1.0758
-1903.0 -1.06437
-1902.0 -1.04874
-1901.0 -1.02866
-1900.0 -1.00387
-1899.0 -0.974276
-1898.0 -0.940046
-1897.0 -0.901693
-1896.0 -0.859853
-1895.0 -0.815256
-1894.0 -0.768594
-1893.0 -0.720723
-1892.0 -0.672388
-1891.0 -0.624214
-1890.0 -0.576596
-1889.0 -0.529854
-1888.0 -0.48426
-1887.0 -0.439884
-1886.0 -0.396786
-1885.0 -0.355041
-1884.0 -0.314563
-1883.0 -0.275211
-1882.0 -0.236893
-1881.0 -0.1995
-1880.0 -0.162846
-1879.0 -0.126783
-1878.0 -0.0912381
-1877.0 -0.0560644
-1876.0 -0.0210388
-1875.0 0.013979
-1874.0 0.0490988
-1873.0 0.084522
-1872.0 0.120349
-1871.0 0.156672
-1870.0 0.193714
-1869.0 0.231458
-1868.0 0.269946
-1867.0 0.309338
-1866.0 0.349914
-1865.0 0.391638
-1864.0 0.43431
-1863.0 0.477969
-1862.0 0.522685
-1861.0 0.568408
-1860.0 0.614957
-1859.0 0.661951
-1858.0 0.708796
-1857.0 0.754832
-1856.0 0.799542
-1855.0 0.842317
-1854.0 0.882379
-1853.0 0.919101
-1852.0 0.951712
-1851.0 0.979891
-1850.0 1.0036
-1849.0 1.02285
-1848.0 1.03788
-1847.0 1.04898
-1846.0 1.05646
-1845.0 1.06063
-1844.0 1.06168
-1843.0 1.05966
-1842.0 1.05445
-1841.0 1.04586
-1840.0 1.03368
-1839.0 1.01749
-1838.0 0.996963
-1837.0 0.972026
-1836.0 0.942756
-1835.0 0.909341
-1834.0 0.872131
-1833.0 0.831731
-1832.0 0.788937
-1831.0 0.744524
-1830.0 0.699262
-1829.0 0.653687
-1828.0 0.608101
-1827.0 0.563042
-1826.0 0.518998
-1825.0 0.476036
-1824.0 0.434035
-1823.0 0.393027
-1822.0 0.353266
-1821.0 0.314721
-1820.0 0.277231
-1819.0 0.24053
-1818.0 0.204563
-1817.0 0.169444
-1816.0 0.135033
-1815.0 0.101139
-1814.0 0.0675935
-1813.0 0.0342887
-1812.0 0.00118911
-1811.0 -0.0318499
-1810.0 -0.0650107
-1809.0 -0.0985359
-1808.0 -0.132563
-1807.0 -0.167068
-1806.0 -0.202155
-1805.0 -0.238029
-1804.0 -0.274943
-1803.0 -0.312927
-1802.0 -0.351985
-1801.0 -0.392175
-1800.0 -0.433473
-1799.0 -0.475925
-1798.0 -0.519336
-1797.0 -0.563369
-1796.0 -0.607722
-1795.0 -0.651935
-1794.0 -0.695639
-1793.0 -0.737913
-1792.0 -0.777977
-1791.0 -0.815238
-1790.0 -0.849114
-1789.0 -0.879134
-1788.0 -0.904893
-1787.0 -0.926225
-1786.0 -0.943213
-1785.0 -0.956135
-1784.0 -0.965383
-1783.0 -0.971239
-1782.0 -0.973874
-1781.0 -0.973414
-1780.0 -0.969876
-1779.0 -0.963096
-1778.0 -0.952788
-1777.0 -0.938647
-1776.0 -0.92038
-1775.0 -0.897839
-1774.0 -0.870954
-1773.0 -0.839886
-1772.0 -0.804804
-1771.0 -0.766508
-1770.0 -0.725804
-1769.0 -0.683515
-1768.0 -0.640021
-1767.0 -0.59595
-1766.0 -0.552167
-1765.0 -0.509188
-1764.0 -0.467193
-1763.0 -0.426314
-1762.0 -0.386621
-1761.0 -0.34814
-1760.0 -0.310926
-1759.0 -0.275024
-1758.0 -0.240375
-1757.0 -0.206813
-1756.0 -0.174106
-1755.0 -0.142047
-1754.0 -0.110556
-1753.0 -0.0796147
-1752.0 -0.0491684
-1751.0 -0.0189328
-1750.0 0.0113137
-1749.0 0.0417084
-1748.0 0.0723044
-1747.0 0.103124
-1746.0 0.134332
-1745.0 0.166224
-1744.0 0.199012
-1743.0 0.232787
-1742.0 0.267457
-1741.0 0.303078
-1740.0 0.339868
-1739.0 0.378031
-1738.0 0.417687
-1737.0 0.458695
-1736.0 0.500796
-1735.0 0.54366
-1734.0 0.587219
-1733.0 0.631274
-1732.0 0.675172
-1731.0 0.718155
-1730.0 0.759474
-1729.0 0.798394
-1728.0 0.834264
-1727.0 0.866433
-1726.0 0.894404
-1725.0 0.918055
-1724.0 0.937332
-1723.0 0.952457
-1722.0 0.963676
-1721.0 0.97128
-1720.0 0.975591
-1719.0 0.976789
-1718.0 0.974907
-1717.0 0.969837
-1716.0 0.961398
-1715.0 0.949326
-1714.0 0.933321
-1713.0 0.912995
-1712.0 0.888241
-1711.0 0.859112
-1710.0 0.825991
-1709.0 0.789303
-1708.0 0.749505
-1707.0 0.707568
-1706.0 0.664176
-1705.0 0.619869
-1704.0 0.57531
-1703.0 0.53099
-1702.0 0.487481
-1701.0 0.444939
-1700.0 0.403297
-1699.0 0.362725
-1698.0 0.323417
-1697.0 0.285504
-1696.0 0.248659
-1695.0 0.212726
-1694.0 0.177612
-1693.0 0.143299
-1692.0 0.109734
-1691.0 0.0767471
-1690.0 0.0441416
-1689.0 0.011667
-1688.0 -0.0208161
-1687.0 -0.0532447
-1686.0 -0.0857577
-1685.0 -0.11861
-1684.0 -0.152016
-1683.0 -0.186106
-1682.0 -0.220988
-1681.0 -0.256734
-1680.0 -0.293468
-1679.0 -0.331313
-1678.0 -0.370329
-1677.0 -0.410693
-1676.0 -0.452469
-1675.0 -0.495586
-1674.0 -0.540023
-1673.0 -0.585505
-1672.0 -0.631773
-1671.0 -0.678497
-1670.0 -0.725203
-1669.0 -0.771422
-1668.0 -0.816478
-1667.0 -0.85931
-1666.0 -0.899195
-1665.0 -0.935455
-1664.0 -0.967543
-1663.0 -0.995163
-1662.0 -1.01815
-1661.0 -1.03654
-1660.0 -1.05055
-1659.0 -1.06054
-1658.0 -1.06685
-1657.0 -1.06973
-1656.0 -1.06927
-1655.0 -1.06545
-1654.0 -1.05814
-1653.0 -1.04706
-1652.0 -1.03184
-1651.0 -1.01213
-1650.0 -0.987714
-1649.0 -0.958582
-1648.0 -0.924894
-1647.0 -0.88708
-1646.0 -0.845712
-1645.0 -0.801426
-1644.0 -0.755105
-1643.0 -0.707612
-1642.0 -0.659699
-1641.0 -0.611828
-1640.0 -0.56453
-1639.0 -0.518019
-1638.0 -0.472567
-1637.0 -0.428357
-1636.0 -0.385579
-1635.0 -0.344205
-1634.0 -0.304055
-1633.0 -0.26503
-1632.0 -0.227051
-1631.0 -0.190141
-1630.0 -0.154157
-1629.0 -0.118718
-1628.0 -0.0836559
-1627.0 -0.0490858
-1626.0 -0.0149872
-1625.0 0.0189747
-1624.0 0.0531685
-1623.0 0.0877554
-1622.0 0.122633
-1621.0 0.157792
-1620.0 0.193506
-1619.0 0.230107
-1618.0 0.267872
-1617.0 0.306772
-1616.0 0.346541
-1615.0 0.387346
-1614.0 0.429459
-1613.0 0.473174
-1612.0 0.518249
-1611.0 0.564513
-1610.0 0.611488
-1609.0 0.659006
-1608.0 0.706712
-1607.0 0.754139
-1606.0 0.800707
-1605.0 0.845486
-1604.0 0.887509
-1603.0 0.926057
-1602.0 0.960613
-1601.0 0.990784
-1600.0 1.01629
-1599.0 1.03703
-1598.0 1.0532
-1597.0 1.06517
-1596.0 1.07328
-1595.0 1.07783
-1594.0 1.07902
-1593.0 1.07687
-1592.0 1.07129
-1591.0 1.06211
-1590.0 1.049
-1589.0 1.03157
-1588.0 1.00952
-1587.0 0.982676
-1586.0 0.951107
-1585.0 0.915133
-1584.0 0.875399
-1583.0 0.832586
-1582.0 0.78737
-1581.0 0.740367
-1580.0 0.692359
-1579.0 0.644324
-1578.0 0.596837
-1577.0 0.550123
-1576.0 0.504367
-1575.0 0.459725
-1574.0 0.416317
-1573.0 0.374263
-1572.0 0.333667
-1571.0 0.294403
-1570.0 0.256254
-1569.0 0.218932
-1568.0 0.18242
-1567.0 0.146896
-1566.0 0.112094
-1565.0 0.0776382
-1564.0 0.0433852
-1563.0 0.0093317
-1562.0 -0.0246204
-1561.0 -0.0586822
-1560.0 -0.0930293
-1559.0 -0.12785
-1558.0 -0.163369
-1557.0 -0.199616
-1556.0 -0.23663
-1555.0 -0.274527
-1554.0 -0.31368
-1553.0 -0.3542
-1552.0 -0.395992
-1551.0 -0.438958
-1550.0 -0.483211
-1549.0 -0.528885
-1548.0 -0.57572
-1547.0 -0.62339
-1546.0 -0.67143
-1545.0 -0.719217
-1544.0 -0.766309
-1543.0 -0.812183
-1542.0 -0.855983
-1541.0 -0.896672
-1540.0 -0.933506
-1539.0 -0.966028
-1538.0 -0.994027
-1537.0 -1.01733
-1536.0 -1.03589
-1535.0 -1.05002
-1534.0 -1.06014
-1533.0 -1.06656
-1532.0 -1.0695
-1531.0 -1.06911
-1530.0 -1.06536
-1529.0 -1.05812
-1528.0 -1.0471
-1527.0 -1.03199
-1526.0 -1.01243
-1525.0 -0.988301
-1524.0 -0.959566
-1523.0 -0.926225
-1522.0 -0.888716
-1521.0 -0.847889
-1520.0 -0.804532
-1519.0 -0.75915
-1518.0 -0.712428
-1517.0 -0.6653
-1516.0 -0.618562
-1515.0 -0.572488
-1514.0 -0.527113
-1513.0 -0.482763
-1512.0 -0.439943
-1511.0 -0.398642
-1510.0 -0.35858
-1509.0 -0.319575
-1508.0 -0.281903
-1507.0 -0.245456
-1506.0 -0.209954
-1505.0 -0.175272
-1504.0 -0.141323
-1503.0 -0.10797
-1502.0 -0.0751252
-1501.0 -0.042636
-1500.0 -0.0102258
-1499.0 0.0222898
-1498.0 0.0549013
-1497.0 0.0876102
-1496.0 0.120586
-1495.0 0.154242
-1494.0 0.188867
-1493.0 0.224175
-1492.0 0.260058
-1491.0 0.296844
-1490.0 0.334914
-1489.0 0.374513
-1488.0 0.415134
-1487.0 0.456636
-1486.0 0.499118
-1485.0 0.542524
-1484.0 0.586595
-1483.0 0.630935
-1482.0 0.674807
-1481.0 0.717562
-1480.0 0.758501
-1479.0 0.797071
-1478.0 0.832805
-1477.0 0.864939
-1476.0 0.892781
-1475.0 0.916163
-1474.0 0.935221
-1473.0 0.950183
-1472.0 0.961313
-1471.0 0.968849
-1470.0 0.973079
-1469.0 0.97418
-1468.0 0.972224
-1467.0 0.96711
-1466.0 0.958614
-1465.0 0.946465
-1464.0 0.930379
-1463.0 0.910081
-1462.0 0.88543
-1461.0 0.856403
-1460.0 0.823358
-1459.0 0.786762
-1458.0 0.747173
-1457.0 0.705495
-1456.0 0.662459
-1455.0 0.618644
-1454.0 0.574657
-1453.0 0.531051
-1452.0 0.488187
-1451.0 0.446415
-1450.0 0.405988
-1449.0 0.36685
-1448.0 0.328884
-1447.0 0.292086
-1446.0 0.256502
-1445.0 0.222167
-1444.0 0.188899
-1443.0 0.156352
-1442.0 0.124391
-1441.0 0.0930552
-1440.0 0.0622894
-1439.0 0.0318346
-1438.0 0.0012986
-1437.0 -0.0291764
-1436.0 -0.0596078
-1435.0 -0.0902809
-1434.0 -0.121421
-1433.0 -0.153218
-1432.0 -0.185688
-1431.0 -0.218905
-1430.0 -0.25296
-1429.0 -0.288099
-1428.0 -0.324518
-1427.0 -0.362249
-1426.0 -0.401244
-1425.0 -0.441356
-1424.0 -0.482676
-1423.0 -0.525359
-1422.0 -0.569048
-1421.0 -0.613097
-1420.0 -0.656933
-1419.0 -0.700164
-1418.0 -0.742406
-1417.0 -0.782794
-1416.0 -0.820373
-1415.0 -0.854439
-1414.0 -0.884484
-1413.0 -0.910274
-1412.0 -0.931748
-1411.0 -0.948938
-1410.0 -0.962019
-1409.0 -0.971334
-1408.0 -0.97721
-1407.0 -0.979896
-1406.0 -0.979475
-1405.0 -0.975924
-1404.0 -0.969091
-1403.0 -0.958754
-1402.0 -0.944623
-1401.0 -0.926356
-1400.0 -0.903692
-1399.0 -0.87666
-1398.0 -0.845458
-1397.0 -0.810486
-1396.0 -0.772296
-1395.0 -0.731469
-1394.0 -0.688765
-1393.0 -0.644923
-1392.0 -0.600633
-1391.0 -0.556489
-1390.0 -0.512828
-1389.0 -0.469854
-1388.0 -0.427819
-1387.0 -0.386808
-1386.0 -0.347112
-1385.0 -0.308702
-1384.0 -0.271374
-1383.0 -0.234941
-1382.0 -0.199454
-1381.0 -0.164794
-1380.0 -0.130856
-1379.0 -0.0975253
-1378.0 -0.064577
-1377.0 -0.0318756
-1376.0 0.000676073
-1375.0 0.0332341
-1374.0 0.0658852
-1373.0 0.0988254
-1372.0 0.132237
-1371.0 0.166204
-1370.0 0.200847
-1369.0 0.236317
-1368.0 0.27278
-1367.0 0.310442
-1366.0 0.349351
-1365.0 0.389354
-1364.0 0.43061
-1363.0 0.473384
-1362.0 0.517726
-1361.0 0.563113
-1360.0 0.609428
-1359.0 0.656396
-1358.0 0.703698
-1357.0 0.750719
-1356.0 0.796904
-1355.0 0.841361
-1354.0 0.883206
-1353.0 0.921731
-1352.0 0.956442
-1351.0 0.986853
-1350.0 1.01247
-1349.0 1.0333
-1348.0 1.04969
-1347.0 1.06189
-1346.0 1.07022
-1345.0 1.07497
-1344.0 1.07632
-1343.0 1.07434
-1342.0 1.06895
-1341.0 1.05993
-1340.0 1.04696
-1339.0 1.02967
-1338.0 1.00775
-1337.0 0.981114
-1336.0 0.949745
-1335.0 0.914035
-1334.0 0.8744
-1333.0 0.831509
-1332.0 0.78599
-1331.0 0.738895
-1330.0 0.691049
-1329.0 0.643116
-1328.0 0.595388
-1327.0 0.548304
-1326.0 0.502276
-1325.0 0.457519
-1324.0 0.414058
-1323.0 0.37189
-1322.0 0.331069
-1321.0 0.291527
-1320.0 0.25315
-1319.0 0.21579
-1318.0 0.179301
-1317.0 0.143581
-1316.0 0.10845
-1315.0 0.0738302
-1314.0 0.0395453
-1313.0 0.00531309
-1312.0 -0.0289117
-1311.0 -0.0632626
-1310.0 -0.097854
-1309.0 -0.132928
-1308.0 -0.16867
-1307.0 -0.205115
-1306.0 -0.242427
-1305.0 -0.280807
-1304.0 -0.320389
-1303.0 -0.361181
-1302.0 -0.40328
-1301.0 -0.446787
-1300.0 -0.491716
-1299.0 -0.538031
-1298.0 -0.585446
-1297.0 -0.633472
-1296.0 -0.681972
-1295.0 -0.730711
-1294.0 -0.778906
-1293.0 -0.825649
-1292.0 -0.870056
-1291.0 -0.911447
-1290.0 -0.949111
-1289.0 -0.982565
-1288.0 -1.0113
-1287.0 -1.03513
-1286.0 -1.05417
-1285.0 -1.06869
-1284.0 -1.07919
-1283.0 -1.08593
-1282.0 -1.08908
-1281.0 -1.08881
-1280.0 -1.08515
-1279.0 -1.07792
-1278.0 -1.06684
-1277.0 -1.05151
-1276.0 -1.03162
-1275.0 -1.00709
-1274.0 -0.977857
-1273.0 -0.943811
-1272.0 -0.905229
-1271.0 -0.86303
-1270.0 -0.818261
-1269.0 -0.771622
-1268.0 -0.723642
-1267.0 -0.67488
-1266.0 -0.626122
-1265.0 -0.578209
-1264.0 -0.53138
-1263.0 -0.485715
-1262.0 -0.441085
-1261.0 -0.397758
-1260.0 -0.35609
-1259.0 -0.315973
-1258.0 -0.276987
-1257.0 -0.238889
-1256.0 -0.201703
-1255.0 -0.165556
-1254.0 -0.130322
-1253.0 -0.0956216
-1252.0 -0.061105
-1251.0 -0.0267166
-1250.0 0.00743187
-1249.0 0.0413479
-1248.0 0.0754728
-1247.0 0.110137
-1246.0 0.145434
-1245.0 0.18135
-1244.0 0.217901
-1243.0 0.255269
-1242.0 0.293762
-1241.0 0.333666
-1240.0 0.374862
-1239.0 0.417175
-1238.0 0.460776
-1237.0 0.50578
-1236.0 0.552096
-1235.0 0.599332
-1234.0 0.647179
-1233.0 0.695171
-1232.0 0.742829
-1231.0 0.789469
-1230.0 0.834402
-1229.0 0.876883
-1228.0 0.916028
-1227.0 0.951018
-1226.0 0.981465
-1225.0 1.00733
-1224.0 1.02853
-1223.0 1.04507
-1222.0 1.05732
-1221.0 1.06571
-1220.0 1.07056
-1219.0 1.07203
-1218.0 1.07013
-1217.0 1.06486
-1216.0 1.05604
-1215.0 1.04326
-1214.0 1.02616
-1213.0 1.00443
-1212.0 0.97808
-1211.0 0.947386
-1210.0 0.912356
-1209.0 0.873116
-1208.0 0.830474
-1207.0 0.785845
-1206.0 0.739973
-1205.0 0.693196
-1204.0 0.645891
-1203.0 0.598825
-1202.0 0.552567
-1201.0 0.507603
-1200.0 0.463976
-1199.0 0.421556
-1198.0 0.380319
-1197.0 0.340338
-1196.0 0.301759
-1195.0 0.264669
-1194.0 0.228625
-1193.0 0.19321
-1192.0 0.15856
-1191.0 0.124758
-1190.0 0.0917121
-1189.0 0.0590798
-1188.0 0.0264615
-1187.0 -0.00610944
-1186.0 -0.0385291
-1185.0 -0.0710115
-1184.0 -0.103779
-1183.0 -0.137177
-1182.0 -0.17125
-1181.0 -0.205893
-1180.0 -0.241278
-1179.0 -0.277684
-1178.0 -0.315241
-1177.0 -0.35399
-1176.0 -0.393815
-1175.0 -0.434559
-1174.0 -0.476493
-1173.0 -0.519792
-1172.0 -0.563809
-1171.0 -0.607877
-1170.0 -0.65162
-1169.0 -0.695008
-1168.0 -0.737493
-1167.0 -0.777872
-1166.0 -0.815163
-1165.0 -0.84891
-1164.0 -0.878978
-1163.0 -0.90498
-1162.0 -0.92655
-1161.0 -0.943685
-1160.0 -0.956707
-1159.0 -0.966107
-1158.0 -0.972137
-1157.0 -0.974919
-1156.0 -0.974613
-1155.0 -0.971274
-1154.0 -0.964703
-1153.0 -0.954554
-1152.0 -0.940607
-1151.0 -0.922774
-1150.0 -0.900737
-1149.0 -0.874101
-1148.0 -0.842964
-1147.0 -0.808098
-1146.0 -0.770267
-1145.0 -0.730005
-1144.0 -0.687637
-1143.0 -0.643744
-1142.0 -0.599523
-1141.0 -0.55592
-1140.0 -0.513148
-1139.0 -0.470925
-1138.0 -0.429267
-1137.0 -0.389025
-1136.0 -0.350552
-1135.0 -0.31374
-1134.0 -0.277848
-1133.0 -0.242562
-1132.0 -0.208427
-1131.0 -0.175607
-1130.0 -0.143686
-1129.0 -0.112169
-1128.0 -0.0809612
-1127.0 -0.0502518
-1126.0 -0.0198902
-1125.0 0.0103319
-1124.0 0.0406396
-1123.0 0.0712698
-1122.0 0.10229
-1121.0 0.13358
-1120.0 0.165338
-1119.0 0.197988
-1118.0 0.231722
-1117.0 0.266399
-1116.0 0.301933
-1115.0 0.338573
-1114.0 0.376696
-1113.0 0.416438
-1112.0 0.457406
-1111.0 0.49913
-1110.0 0.541795
-1109.0 0.585681
-1108.0 0.629995
-1107.0 0.673717
-1106.0 0.71639
-1105.0 0.757699
-1104.0 0.796854
-1103.0 0.832983
-1102.0 0.865264
-1101.0 0.893307
-1100.0 0.917036
-1099.0 0.936492
-1098.0 0.951826
-1097.0 0.963157
-1096.0 0.970867
-1095.0 0.975316
-1094.0 0.976638
-1093.0 0.97486
-1092.0 0.969949
-1091.0 0.961718
-1090.0 0.949787
-1089.0 0.933803
-1088.0 0.913583
-1087.0 0.889094
-1086.0 0.860356
-1085.0 0.827446
-1084.0 0.790827
-1083.0 0.751155
-1082.0 0.709372
-1081.0 0.666175
-1080.0 0.622173
-1079.0 0.577736
-1078.0 0.533361
-1077.0 0.48974
-1076.0 0.44738
-1075.0 0.405896
-1074.0 0.365309
-1073.0 0.325945
-1072.0 0.287982
-1071.0 0.251156
-1070.0 0.215141
-1069.0 0.17996
-1068.0 0.14564
-1067.0 0.111965
-1066.0 0.07873
-1065.0 0.04588
-1064.0 0.0132994
-1063.0 -0.0192272
-1062.0 -0.0518604
-1061.0 -0.0846871
-1060.0 -0.117885
-1059.0 -0.151676
-1058.0 -0.186024
-1057.0 -0.221013
-1056.0 -0.256882
-1055.0 -0.294075
-1054.0 -0.332583
-1053.0 -0.372023
-1052.0 -0.412579
-1051.0 -0.454848
-1050.0 -0.498696
-1049.0 -0.54368
-1048.0 -0.589535
-1047.0 -0.636391
-1046.0 -0.683977
-1045.0 -0.731645
-1044.0 -0.778473
-1043.0 -0.823955
-1042.0 -0.867529
-1041.0 -0.908284
-1040.0 -0.94527
-1039.0 -0.977986
-1038.0 -1.00617
-1037.0 -1.02961
-1036.0 -1.04839
-1035.0 -1.06274
-1034.0 -1.07301
-1033.0 -1.07953
-1032.0 -1.08258
-1031.0 -1.08225
-1030.0 -1.07853
-1029.0 -1.0713
-1028.0 -1.06028
-1027.0 -1.04499
-1026.0 -1.0252
-1025.0 -1.00078
-1024.0 -0.971576
-1023.0 -0.937675
-1022.0 -0.899307
-1021.0 -0.857488
-1020.0 -0.813023
-1019.0 -0.76653
-1018.0 -0.718453
-1017.0 -0.669722
-1016.0 -0.621211
-1015.0 -0.573582
-1014.0 -0.526881
-1013.0 -0.480999
-1012.0 -0.436124
-1011.0 -0.392727
-1010.0 -0.35112
-1009.0 -0.310891
-1008.0 -0.271527
-1007.0 -0.232947
-1006.0 -0.195481
-1005.0 -0.159369
-1004.0 -0.124069
-1003.0 -0.0888121
-1002.0 -0.0536533
-1001.0 -0.0190555
-1000.0 0.0150697
-999.0 0.0491979
-998.0 0.0839356
-997.0 0.119339
-996.0 0.155022
-995.0 0.191103
-994.0 0.227862
-993.0 0.265753
-992.0 0.305135
-991.0 0.34563
-990.0 0.386991
-989.0 0.429573
-988.0 0.47402
-987.0 0.520148
-986.0 0.567104
-985.0 0.614579
-984.0 0.662951
-983.0 0.712205
-982.0 0.761158
-981.0 0.808668
-980.0 0.85428
-979.0 0.897538
-978.0 0.937641
-977.0 0.973584
-976.0 1.00479
-975.0 1.03113
-974.0 1.05266
-973.0 1.06964
-972.0 1.08228
-971.0 1.09088
-970.0 1.09578
-969.0 1.09726
-968.0 1.09532
-967.0 1.08987
-966.0 1.08073
-965.0 1.06766
-964.0 1.05018
-963.0 1.02785
-962.0 1.00069
-961.0 0.968916
-960.0 0.932584
-959.0 0.89212
-958.0 0.848297
-957.0 0.802067
-956.0 0.754331
-955.0 0.705628
-954.0 0.65674
-953.0 0.608107
-952.0 0.56014
-951.0 0.513427
-950.0 0.468214
-949.0 0.424373
-948.0 0.381612
-947.0 0.340001
-946.0 0.300039
-945.0 0.261569
-944.0 0.224131
-943.0 0.187346
-942.0 0.151275
-941.0 0.115913
-940.0 0.0813019
-939.0 0.0471115
-938.0 0.0129398
-937.0 -0.0213238
-936.0 -0.0556333
-935.0 -0.0901205
-934.0 -0.124885
-933.0 -0.160242
-932.0 -0.196678
-931.0 -0.23389
-930.0 -0.271684
-929.0 -0.310532
-928.0 -0.350943
-927.0 -0.392835
-926.0 -0.435769
-925.0 -0.4797
-924.0 -0.525006
-923.0 -0.571795
-922.0 -0.619419
-921.0 -0.667131
-920.0 -0.714626
-919.0 -0.761513
-918.0 -0.807324
-917.0 -0.851212
-916.0 -0.891949
-915.0 -0.928632
-914.0 -0.960989
-913.0 -0.989182
-912.0 -1.01278
-911.0 -1.03148
-910.0 -1.04563
-909.0 -1.05584
-908.0 -1.06248
-907.0 -1.06563
-906.0 -1.06543
-905.0 -1.06197
-904.0 -1.05508
-903.0 -1.04436
-902.0 -1.02952
-901.0 -1.01046
-900.0 -0.98694
-899.0 -0.958644
-898.0 -0.925495
-897.0 -0.888195
-896.0 -0.847823
-895.0 -0.804859
-894.0 -0.759454
-893.0 -0.712511
-892.0 -0.665335
-891.0 -0.618851
-890.0 -0.572851
-889.0 -0.527103
-888.0 -0.482384
-887.0 -0.439433
-886.0 -0.39829
-885.0 -0.358204
-884.0 -0.318828
-883.0 -0.280874
-882.0 -0.244564
-881.0 -0.209365
-880.0 -0.174769
-879.0 -0.140614
-878.0 -0.107119
-877.0 -0.07441
-876.0 -0.042267
-875.0 -0.0100865
-874.0 0.022324
-873.0 0.0549049
-872.0 0.0873946
-871.0 0.119987
-870.0 0.153277
-869.0 0.187636
-868.0 0.222792
-867.0 0.258518
-866.0 0.294942
-865.0 0.332563
-864.0 0.371908
-863.0 0.41231
-862.0 0.453457
-861.0 0.495495
-860.0 0.538679
-859.0 0.582513
-858.0 0.626488
-857.0 0.670113
-856.0 0.712604
-855.0 0.753452
-854.0 0.792219
-853.0 0.828166
-852.0 0.860288
-851.0 0.888012
-850.0 0.911524
-849.0 0.930948
-848.0 0.94616
-847.0 0.957382
-846.0 0.965014
-845.0 0.969399
-844.0 0.970658
-843.0 0.968832
-842.0 0.963894
-841.0 0.955627
-840.0 0.943689
-839.0 0.927837
-838.0 0.907789
-837.0 0.883419
-836.0 0.854802
-835.0 0.822094
-834.0 0.785684
-833.0 0.746387
-832.0 0.705205
-831.0 0.662544
-830.0 0.618815
-829.0 0.574941
-828.0 0.531694
-827.0 0.489322
-826.0 0.447751
-825.0 0.407295
-824.0 0.368241
-823.0 0.330489
-822.0 0.293997
-821.0 0.258645
-820.0 0.224442
-819.0 0.191245
-818.0 0.158744
-817.0 0.12694
-816.0 0.0958328
-815.0 0.0652286
-814.0 0.0348846
-813.0 0.00453648
-812.0 -0.025721
-811.0 -0.0560657
-810.0 -0.0866693
-809.0 -0.11758
-808.0 -0.149045
-807.0 -0.181295
-806.0 -0.214393
-805.0 -0.248327
-804.0 -0.283137
-803.0 -0.319224
-802.0 -0.356775
-801.0 -0.39543
-800.0 -0.435158
-799.0 -0.476233
-798.0 -0.518754
-797.0 -0.562118
-796.0 -0.605758
-795.0 -0.649298
-794.0 -0.692456
-793.0 -0.734843
-792.0 -0.775307
-791.0 -0.812836
-790.0 -0.846908
-789.0 -0.877291
-788.0 -0.903632
-787.0 -0.925519
-786.0 -0.942978
-785.0 -0.956367
-784.0 -0.966063
-783.0 -0.972321
-782.0 -0.975299
-781.0 -0.975135
-780.0 -0.971882
-779.0 -0.965375
-778.0 -0.955285
-777.0 -0.94137
-776.0 -0.923503
-775.0 -0.9014
-774.0 -0.874753
-773.0 -0.843745
-772.0 -0.80908
-771.0 -0.77154
-770.0 -0.731305
-769.0 -0.68883
-768.0 -0.645218
-767.0 -0.601341
-766.0 -0.55768
-765.0 -0.514289
-764.0 -0.471526
-763.0 -0.429601
-762.0 -0.388871
-761.0 -0.349637
-760.0 -0.311478
-759.0 -0.274013
-758.0 -0.237546
-757.0 -0.202307
-756.0 -0.168083
-755.0 -0.134347
-754.0 -0.10085
-753.0 -0.0678253
-752.0 -0.0353494
-751.0 -0.00314509
-750.0 0.0292438
-749.0 0.0620005
-748.0 0.0950117
-747.0 0.128365
-746.0 0.162122
-745.0 0.196689
-744.0 0.232259
-743.0 0.268894
-742.0 0.306593
-741.0 0.345253
-740.0 0.38534
-739.0 0.427097
-738.0 0.470323
-737.0 0.514633
-736.0 0.560095
-735.0 0.606745
-734.0 0.654263
-733.0 0.702177
-732.0 0.749782
-731.0 0.796207
-730.0 0.840856
-729.0 0.883075
-728.0 0.922154
-727.0 0.957321
-726.0 0.98781
-725.0 1.01345
-724.0 1.03445
-723.0 1.05103
-722.0 1.06338
-721.0 1.07178
-720.0 1.07655
-719.0 1.07797
-718.0 1.07605
-717.0 1.07068
-716.0 1.06169
-715.0 1.04883
-714.0 1.03167
-713.0 1.00982
-712.0 0.983092
-711.0 0.951619
-710.0 0.915773
-709.0 0.876176
-708.0 0.833182
-707.0 0.787256
-706.0 0.739806
-705.0 0.691859
-704.0 0.64359
-703.0 0.595228
-702.0 0.547472
-701.0 0.501081
-700.0 0.45612
-699.0 0.412328
-698.0 0.369716
-697.0 0.328384
-696.0 0.288538
-695.0 0.249906
-694.0 0.212291
-693.0 0.175408
-692.0 0.13927
-691.0 0.104014
-690.0 0.0693474
-689.0 0.0348004
-688.0 9.41057e-05
-687.0 -0.0344257
-686.0 -0.0686595
-685.0 -0.103115
-684.0 -0.138433
-683.0 -0.17469
-682.0 -0.211338
-681.0 -0.248337
-680.0 -0.286393
-679.0 -0.326101
-678.0 -0.367326
-677.0 -0.409477
-676.0 -0.452443
-675.0 -0.496754
-674.0 -0.542792
-673.0 -0.590284
-672.0 -0.638455
-671.0 -0.686436
-670.0 -0.733909
-669.0 -0.78138
-668.0 -0.828139
-667.0 -0.872104
-666.0 -0.912467
-665.0 -0.948994
-664.0 -0.981544
-663.0 -1.00984
-662.0 -1.03319
-661.0 -1.05162
-660.0 -1.06562
-659.0 -1.07572
-658.0 -1.08221
-657.0 -1.0852
-656.0 -1.08484
-655.0 -1.08118
-654.0 -1.07408
-653.0 -1.0631
-652.0 -1.04797
-651.0 -1.02856
-650.0 -1.00472
-649.0 -0.976153
-648.0 -0.942617
-647.0 -0.904801
-646.0 -0.863801
-645.0 -0.8203
-644.0 -0.774447
-643.0 -0.726828
-642.0 -0.678501
-641.0 -0.630647
-640.0 -0.583498
-639.0 -0.536854
-638.0 -0.490895
-637.0 -0.446215
-636.0 -0.403201
-635.0 -0.361602
-634.0 -0.321014
-633.0 -0.281109
-632.0 -0.242332
-631.0 -0.204805
-630.0 -0.168432
-629.0 -0.132484
-628.0 -0.0966091
-627.0 -0.061327
-626.0 -0.0268081
-625.0 0.00754079
-624.0 0.0422792
-623.0 0.0774504
-622.0 0.112742
-621.0 0.148037
-620.0 0.18395
-619.0 0.220995
-618.0 0.259129
-617.0 0.297966
-616.0 0.337566
-615.0 0.378454
-614.0 0.42095
-613.0 0.464876
-612.0 0.509723
-611.0 0.555397
-610.0 0.602159
-609.0 0.649817
-608.0 0.697735
-607.0 0.744839
-606.0 0.790691
-605.0 0.835048
-604.0 0.877077
-603.0 0.915528
-602.0 0.949727
-601.0 0.979568
-600.0 1.00491
-599.0 1.02561
-598.0 1.04174
-597.0 1.05363
-596.0 1.06169
-595.0 1.06625
-594.0 1.06744
-593.0 1.06528
-592.0 1.05976
-591.0 1.05065
-590.0 1.03755
-589.0 1.02012
-588.0 0.998234
-587.0 0.971776
-586.0 0.94069
-585.0 0.905161
-584.0 0.865731
-583.0 0.823473
-582.0 0.779004
-581.0 0.733037
-580.0 0.68607
-579.0 0.638835
-578.0 0.59202
-577.0 0.5461
-576.0 0.501354
-575.0 0.457883
-574.0 0.415529
-573.0 0.374367
-572.0 0.334676
-571.0 0.296441
-570.0 0.259394
-569.0 0.223173
-568.0 0.187854
-567.0 0.153428
-566.0 0.119785
-565.0 0.0866898
-564.0 0.0539357
-563.0 0.0214401
-562.0 -0.0110809
-561.0 -0.0436463
-560.0 -0.0762936
-559.0 -0.109016
-558.0 -0.142412
-557.0 -0.176582
-556.0 -0.211302
-555.0 -0.246678
-554.0 -0.28292
-553.0 -0.320437
-552.0 -0.359255
-551.0 -0.399022
-550.0 -0.439799
-549.0 -0.481608
-548.0 -0.524459
-547.0 -0.568126
-546.0 -0.61197
-545.0 -0.655591
-544.0 -0.698549
-543.0 -0.740332
-542.0 -0.780213
-541.0 -0.817236
-540.0 -0.850616
-539.0 -0.880096
-538.0 -0.905542
-537.0 -0.926721
-536.0 -0.943533
-535.0 -0.956254
-534.0 -0.965356
-533.0 -0.971108
-532.0 -0.973653
-531.0 -0.973113
-530.0 -0.96952
-529.0 -0.962706
-528.0 -0.952303
-527.0 -0.938065
-526.0 -0.919812
-525.0 -0.897389
-524.0 -0.870607
-523.0 -0.839403
-522.0 -0.804253
-521.0 -0.766088
-520.0 -0.725677
-519.0 -0.683458
-518.0 -0.639855
-517.0 -0.595708
-516.0 -0.55206
-515.0 -0.50926
-514.0 -0.467214
-513.0 -0.426034
-512.0 -0.386158
-511.0 -0.347781
-510.0 -0.310756
-509.0 -0.274865
-508.0 -0.239874
-507.0 -0.206025
-506.0 -0.173175
-505.0 -0.141191
-504.0 -0.109826
-503.0 -0.0787267
-502.0 -0.047862
-501.0 -0.0174324
-500.0 0.0126409
-499.0 0.042819
-498.0 0.0735419
-497.0 0.104745
-496.0 0.13614
-495.0 0.167865
-494.0 0.200427
-493.0 0.234177
-492.0 0.269032
-491.0 0.304801
-490.0 0.341595
-489.0 0.379664
-488.0 0.41923
-487.0 0.460184
-486.0 0.502301
-485.0 0.545077
-484.0 0.588419
-483.0 0.632337
-482.0 0.676227
-481.0 0.71895
-480.0 0.759861
-479.0 0.798497
-478.0 0.83421
-477.0 0.866255
-476.0 0.894085
-475.0 0.917465
-474.0 0.936525
-473.0 0.951521
-472.0 0.96265
-471.0 0.97016
-470.0 0.974352
-469.0 0.975432
-468.0 0.973419
-467.0 0.968197
-466.0 0.959596
-465.0 0.94739
-464.0 0.931235
-463.0 0.910672
-462.0 0.885608
-461.0 0.856482
-460.0 0.823497
-459.0 0.786753
-458.0 0.746858
-457.0 0.704839
-456.0 0.661493
-455.0 0.617501
-454.0 0.573242
-453.0 0.529126
-452.0 0.485545
-451.0 0.44296
-450.0 0.401673
-449.0 0.36164
-448.0 0.322546
-447.0 0.284349
-446.0 0.247431
-445.0 0.211786
-444.0 0.177041
-443.0 0.142762
-442.0 0.108869
-441.0 0.0757128
-440.0 0.0432377
-439.0 0.011013
-438.0 -0.0214818
-437.0 -0.0543003
-436.0 -0.0871206
-435.0 -0.120071
-434.0 -0.153398
-433.0 -0.187599
-432.0 -0.222824
-431.0 -0.25887
-430.0 -0.295735
-429.0 -0.333539
-428.0 -0.372782
-427.0 -0.413822
-426.0 -0.456034
-425.0 -0.499068
-424.0 -0.543298
-423.0 -0.589136
-422.0 -0.636002
-421.0 -0.682899
-420.0 -0.729402
-419.0 -0.775425
-418.0 -0.820553
-417.0 -0.863562
-416.0 -0.90331
-415.0 -0.939315
-414.0 -0.971107
-413.0 -0.998575
-412.0 -1.02156
-411.0 -1.03985
-410.0 -1.05361
-409.0 -1.06345
-408.0 -1.06972
-407.0 -1.07251
-406.0 -1.07192
-405.0 -1.06802
-404.0 -1.06062
-403.0 -1.04927
-402.0 -1.03366
-401.0 -1.01375
-400.0 -0.989346
-399.0 -0.96008
-398.0 -0.925805
-397.0 -0.887279
-396.0 -0.84557
-395.0 -0.801276
-394.0 -0.754911
-393.0 -0.706937
-392.0 -0.658089
-391.0 -0.609768
-390.0 -0.562677
-389.0 -0.516296
-388.0 -0.470292
-387.0 -0.425477
-386.0 -0.382714
-385.0 -0.341551
-384.0 -0.301514
-383.0 -0.262052
-382.0 -0.223736
-381.0 -0.18683
-380.0 -0.150969
-379.0 -0.11561
-378.0 -0.0803559
-377.0 -0.0455342
-376.0 -0.0112829
-375.0 0.0226561
-374.0 0.0568855
-373.0 0.0916749
-372.0 0.126801
-371.0 0.162217
-370.0 0.198046
-369.0 0.234679
-368.0 0.272632
-367.0 0.311884
-366.0 0.352037
-365.0 0.393067
-364.0 0.435451
-363.0 0.479559
-362.0 0.525173
-361.0 0.571762
-360.0 0.619055
-359.0 0.66699
-358.0 0.715347
-357.0 0.763486
-356.0 0.810583
-355.0 0.855603
-354.0 0.897805
-353.0 0.936942
-352.0 0.972115
-351.0 1.00266
-350.0 1.0282
-349.0 1.04904
-348.0 1.06547
-347.0 1.07768
-346.0 1.08588
-345.0 1.09046
-344.0 1.09167
-343.0 1.0895
-342.0 1.08384
-341.0 1.07454
-340.0 1.0613
-339.0 1.04368
-338.0 1.0213
-337.0 0.994052
-336.0 0.962214
-335.0 0.926206
-334.0 0.886144
-333.0 0.842531
-332.0 0.796329
-331.0 0.749079
-330.0 0.70123
-329.0 0.652755
-328.0 0.604137
-327.0 0.556653
-326.0 0.510579
-325.0 0.465699
-324.0 0.422122
-323.0 0.379732
-322.0 0.338491
-321.0 0.29868
-320.0 0.260408
-319.0 0.22326
-318.0 0.186577
-317.0 0.150319
-316.0 0.115075
-315.0 0.0807581
-314.0 0.0466254
-313.0 0.0120769
-312.0 -0.0225591
-311.0 -0.0567624
-310.0 -0.0910087
-309.0 -0.126024
-308.0 -0.162255
-307.0 -0.199022
-306.0 -0.236197
-305.0 -0.274266
-304.0 -0.313772
-303.0 -0.354862
-302.0 -0.397328
-301.0 -0.440708
-300.0 -0.485363
-299.0 -0.531282
-298.0 -0.578776
-297.0 -0.627118
-296.0 -0.675531
-295.0 -0.723549
-294.0 -0.771035
-293.0 -0.817718
-292.0 -0.862
-291.0 -0.902656
-290.0 -0.939409
-289.0 -0.972135
-288.0 -1.00054
-287.0 -1.02404
-286.0 -1.04252
-285.0 -1.05657
-284.0 -1.06674
-283.0 -1.07324
-282.0 -1.07619
-281.0 -1.07578
-280.0 -1.07206
-279.0 -1.06484
-278.0 -1.05368
-277.0 -1.03837
-276.0 -1.01884
-275.0 -0.994875
-274.0 -0.966029
-273.0 -0.932099
-272.0 -0.894251
-271.0 -0.853505
-270.0 -0.81031
-269.0 -0.764475
-268.0 -0.71703
-267.0 -0.669487
-266.0 -0.622593
-265.0 -0.576527
-264.0 -0.530815
-263.0 -0.485827
-262.0 -0.442602
-261.0 -0.401259
-260.0 -0.361241
-259.0 -0.322023
-258.0 -0.283828
-257.0 -0.247032
-256.0 -0.211814
-255.0 -0.177307
-254.0 -0.143193
-253.0 -0.10948
-252.0 -0.0765927
-251.0 -0.0443491
-250.0 -0.012088
-249.0 0.0206747
-248.0 0.05337
-247.0 0.0858858
-246.0 0.118686
-245.0 0.152411
-244.0 0.187032
-243.0 0.222268
-242.0 0.258191
-241.0 0.295016
-240.0 0.333138
-239.0 0.372781
-238.0 0.413598
-237.0 0.455102
-236.0 0.497356
-235.0 0.540889
-234.0 0.585549
-233.0 0.630079
-232.0 0.673453
-231.0 0.715852
-230.0 0.757279
-229.0 0.796625
-228.0 0.832302
-227.0 0.863838
-226.0 0.891368
-225.0 0.914923
-224.0 0.934226
-223.0 0.949095
-222.0 0.960007
-221.0 0.967417
-220.0 0.971593
-219.0 0.97263
-218.0 0.970568
-217.0 0.965394
-216.0 0.956867
-215.0 0.944657
-214.0 0.928398
-213.0 0.907943
-212.0 0.883345
-211.0 0.854501
-210.0 0.821389
-209.0 0.784637
-208.0 0.745261
-207.0 0.703989
-206.0 0.661163
-205.0 0.617293
-204.0 0.573414
-203.0 0.530306
-202.0 0.487954
-201.0 0.446436
-200.0 0.406095
-199.0 0.366998
-198.0 0.329294
-197.0 0.292967
-196.0 0.257722
-195.0 0.223375
-194.0 0.189963
-193.0 0.157622
-192.0 0.125984
-191.0 0.0948259
-190.0 0.0639977
-189.0 0.033473
-188.0 0.00323967
-187.0 -0.0270202
-186.0 -0.0575243
-185.0 -0.0883186
-184.0 -0.119512
-183.0 -0.151176
-182.0 -0.183473
-181.0 -0.21664
-180.0 -0.250792
-179.0 -0.286032
-178.0 -0.322473
-177.0 -0.360092
-176.0 -0.398933
-175.0 -0.439175
-174.0 -0.480692
-173.0 -0.523211
-172.0 -0.566507
-171.0 -0.610284
-170.0 -0.654187
-169.0 -0.697344
-168.0 -0.73927
-167.0 -0.779393
-166.0 -0.816548
-165.0 -0.850185
-164.0 -0.87997
-163.0 -0.905584
-162.0 -0.926815
-161.0 -0.943697
-160.0 -0.956538
-159.0 -0.965723
-158.0 -0.971548
-157.0 -0.97418
-156.0 -0.973728
-155.0 -0.970238
-154.0 -0.963535
-153.0 -0.953235
-152.0 -0.93912
-151.0 -0.921071
-150.0 -0.898753
-149.0 -0.872064
-148.0 -0.840996
-147.0 -0.806144
-146.0 -0.768124
-145.0 -0.727698
-144.0 -0.685453
-143.0 -0.641741
-142.0 -0.597423
-141.0 -0.553239
-140.0 -0.510005
-139.0 -0.467498
-138.0 -0.425492
-137.0 -0.384555
-136.0 -0.345073
-135.0 -0.306951
-134.0 -0.269774
-133.0 -0.233387
-132.0 -0.198028
-131.0 -0.163662
-130.0 -0.130023
-129.0 -0.096859
-128.0 -0.0640059
-127.0 -0.0314108
-126.0 0.000983904
-125.0 0.0331746
-124.0 0.0655328
-123.0 0.0984562
-122.0 0.131863
-121.0 0.165672
-120.0 0.199906
-119.0 0.23506
-118.0 0.271656
-117.0 0.309385
-116.0 0.347931
-115.0 0.387478
-114.0 0.428698
-113.0 0.471769
-112.0 0.516089
-111.0 0.56102
-110.0 0.606656
-109.0 0.653309
-108.0 0.700658
-107.0 0.747669
-106.0 0.793217
-105.0 0.836723
-104.0 0.877956
-103.0 0.916307
-102.0 0.95069
-101.0 0.980304
-100.0 1.00513
-99.0 1.02555
-98.0 1.04169
-97.0 1.05359
-96.0 1.06152
-95.0 1.06591
-94.0 1.06699
-93.0 1.0647
-92.0 1.05895
-91.0 1.04963
-90.0 1.03649
-89.0 1.01903
-88.0 0.996705
-87.0 0.969661
-86.0 0.938326
-85.0 0.902856
-84.0 0.863445
-83.0 0.820525
-82.0 0.775104
-81.0 0.728586
-80.0 0.681606
-79.0 0.634076
-78.0 0.586352
-77.0 0.539372
-76.0 0.493935
-75.0 0.44992
-74.0 0.406734
-73.0 0.364324
-72.0 0.323287
-71.0 0.283894
-70.0 0.245758
-69.0 0.208247
-68.0 0.171172
-67.0 0.13477
-66.0 0.0994193
-65.0 0.0647079
-64.0 0.029907
-63.0 -0.00536194
-62.0 -0.0405256
-61.0 -0.0753714
-60.0 -0.110312
-59.0 -0.146115
-58.0 -0.18298
-57.0 -0.220347
-56.0 -0.25805
-55.0 -0.296579
-54.0 -0.336518
-53.0 -0.377893
-52.0 -0.420221
-51.0 -0.463269
-50.0 -0.507361
-49.0 -0.552875
-48.0 -0.599682
-47.0 -0.646865
-46.0 -0.693872
-45.0 -0.7405
-44.0 -0.786648
-43.0 -0.831444
-42.0 -0.873529
-41.0 -0.912173
-40.0 -0.947011
-39.0 -0.978022
-38.0 -1.00462
-37.0 -1.02636
-36.0 -1.04354
-35.0 -1.05669
-34.0 -1.06612
-33.0 -1.07199
-32.0 -1.07452
-31.0 -1.07389
-30.0 -1.07004
-29.0 -1.06275
-28.0 -1.05176
-27.0 -1.03687
-26.0 -1.01776
-25.0 -0.993957
-24.0 -0.965269
-23.0 -0.93211
-22.0 -0.895066
-21.0 -0.854732
-20.0 -0.81139
-19.0 -0.765808
-18.0 -0.718934
-17.0 -0.671818
-16.0 -0.624803
-15.0 -0.578175
-14.0 -0.532008
-13.0 -0.486918
-12.0 -0.443379
-11.0 -0.401215
-10.0 -0.360111
-9.0 -0.320094
-8.0 -0.281173
-7.0 -0.243483
-6.0 -0.206959
-5.0 -0.171257
-4.0 -0.135961
-3.0 -0.10098
-2.0 -0.0666964
-1.0 -0.0330096
0.0 0.000684936
1.0 0.0348187
2.0 0.0691521
3.0 0.103404
4.0 0.138026
5.0 0.173327
6.0 0.209687
7.0 0.246933
8.0 0.285085
9.0 0.324082
10.0 0.364286
11.0 0.406162
12.0 0.449558
13.0 0.493909
14.0 0.539149
15.0 0.585599
16.0 0.633336
17.0 0.681558
18.0 0.729109
19.0 0.775608
20.0 0.821091
21.0 0.864799
22.0 0.905264
23.0 0.941469
24.0 0.973389
25.0 1.00119
26.0 1.02432
27.0 1.04252
28.0 1.05633
29.0 1.06624
30.0 1.07249
31.0 1.07523
32.0 1.07463
33.0 1.07067
34.0 1.06314
35.0 1.05179
36.0 1.0363
37.0 1.01637
38.0 0.991829
39.0 0.962646
40.0 0.928792
41.0 0.890783
42.0 0.849577
43.0 0.805973
44.0 0.760326
45.0 0.713049
46.0 0.665492
47.0 0.618659
48.0 0.572518
49.0 0.526773
50.0 0.482023
51.0 0.439084
52.0 0.397654
53.0 0.357513
54.0 0.318412
55.0 0.280449
56.0 0.243929
57.0 0.208458
58.0 0.173723
59.0 0.139658
60.0 0.106153
61.0 0.0731997
62.0 0.0407691
63.0 0.00833562
64.0 -0.0244472
65.0 -0.0572207
66.0 -0.0899085
67.0 -0.122856
68.0 -0.156704
69.0 -0.191545
70.0 -0.226982
71.0 -0.262984
72.0 -0.300015
73.0 -0.338414
74.0 -0.378139
75.0 -0.418963
76.0 -0.460692
77.0 -0.503479
78.0 -0.547265
79.0 -0.59162
80.0 -0.636171
81.0 -0.679944
82.0 -0.722565
83.0 -0.763592
84.0 -0.802466
85.0 -0.837927
86.0 -0.869301
87.0 -0.89652
88.0 -0.919673
89.0 -0.938497
90.0 -0.95303
91.0 -0.963657
92.0 -0.970835
93.0 -0.974791
94.0 -0.975622
95.0 -0.97341
96.0 -0.968077
97.0 -0.959371
98.0 -0.946943
99.0 -0.930578
100.0 -0.910042
101.0 -0.885124
102.0 -0.855901
103.0 -0.822524
104.0 -0.78563
105.0 -0.746041
106.0 -0.704406
107.0 -0.661206
108.0 -0.617061
109.0 -0.573027
110.0 -0.5297
111.0 -0.48719
112.0 -0.445257
113.0 -0.404678
114.0 -0.365651
115.0 -0.327968
116.0 -0.291373
117.0 -0.255832
118.0 -0.22152
119.0 -0.188348
120.0 -0.155905
121.0 -0.124112
122.0 -0.092826
123.0 -0.0619076
124.0 -0.0314388
125.0 -0.00127048
126.0 0.0290255
127.0 0.0596859
128.0 0.0905783
129.0 0.12169
130.0 0.153184
131.0 0.185506
132.0 0.218913
133.0 0.253255
134.0 0.288248
135.0 0.324438
136.0 0.362089
137.0 0.401157
138.0 0.44129
139.0 0.482446
140.0 0.524803
141.0 0.568107
142.0 0.611906
143.0 0.65561
144.0 0.698559
145.0 0.74007
146.0 0.779773
147.0 0.816972
148.0 0.850532
149.0 0.879882
150.0 0.905103
151.0 0.926252
152.0 0.943139
153.0 0.955825
154.0 0.96478
155.0 0.970427
156.0 0.972917
157.0 0.972261
158.0 0.968502
159.0 0.961507
160.0 0.950938
161.0 0.936408
162.0 0.917761
163.0 0.894964
164.0 0.867949
165.0 0.836669
166.0 0.801441
167.0 0.762985
168.0 0.722234
169.0 0.680104
170.0 0.636882
171.0 0.592602
172.0 0.548281
173.0 0.505039
174.0 0.462951
175.0 0.421451
176.0 0.380549
177.0 0.34096
178.0 0.302973
179.0 0.266199
180.0 0.230106
181.0 0.194697
182.0 0.160307
183.0 0.126666
184.0 0.0936953
185.0 0.0610328
186.0 0.0283541
187.0 -0.00410491
188.0 -0.0364342
189.0 -0.0687345
190.0 -0.101488
191.0 -0.135026
192.0 -0.169181
193.0 -0.203665
194.0 -0.238811
195.0 -0.275207
196.0 -0.312996
197.0 -0.352111
198.0 -0.392245
199.0 -0.433385
200.0 -0.476093
201.0 -0.5205
202.0 -0.566128
203.0 -0.612508
204.0 -0.659218
205.0 -0.706133
206.0 -0.75313
207.0 -0.79934
208.0 -0.843429
209.0 -0.88436
210.0 -0.922122
211.0 -0.956364
212.0 -0.986157
213.0 -1.01097
214.0 -1.03096
215.0 -1.04666
216.0 -1.05833
217.0 -1.06619
218.0 -1.07046
219.0 -1.07138
220.0 -1.06904
221.0 -1.06327
222.0 -1.05372
223.0 -1.04025
224.0 -1.02269
225.0 -1.00062
226.0 -0.973439
227.0 -0.941248
228.0 -0.905027
229.0 -0.865463
230.0 -0.822515
231.0 -0.776519
232.0 -0.728919
233.0 -0.680996
234.0 -0.633153
235.0 -0.585411
236.0 -0.538179
237.0 -0.491827
238.0 -0.446987
239.0 -0.403503
240.0 -0.361364
241.0 -0.320325
242.0 -0.280409
243.0 -0.241621
244.0 -0.204069
245.0 -0.167463
246.0 -0.131394
247.0 -0.0957463
248.0 -0.0606301
249.0 -0.0260113
250.0 0.00852018
251.0 0.0433459
252.0 0.0783384
253.0 0.113393
254.0 0.148874
255.0 0.185067
256.0 0.222045
257.0 0.259818
258.0 0.298391
259.0 0.338055
260.0 0.378863
261.0 0.420849
262.0 0.464164
263.0 0.50873
264.0 0.554197
265.0 0.600566
266.0 0.647727
267.0 0.69529
268.0 0.742522
269.0 0.788892
270.0 0.833711
271.0 0.876235
272.0 0.915654
273.0 0.951321
274.0 0.982677
275.0 1.0095
276.0 1.03166
277.0 1.0493
278.0 1.06275
279.0 1.07226
280.0 1.07815
281.0 1.0807
282.0 1.08002
283.0 1.07603
284.0 1.06862
285.0 1.05756
286.0 1.04239
287.0 1.02272
288.0 0.998475
289.0 0.969699
290.0 0.936425
291.0 0.898989
292.0 0.857787
293.0 0.813736
294.0 0.767843
295.0 0.720954
296.0 0.673366
297.0 0.625431
298.0 0.57784
299.0 0.531502
300.0 0.486568
301.0 0.442537
302.0 0.399278
303.0 0.357418
304.0 0.317248
305.0 0.27824
306.0 0.23991
307.0 0.202333
308.0 0.165793
309.0 0.130198
310.0 0.0950837
311.0 0.0601922
312.0 0.0254835
313.0 -0.00893695
314.0 -0.0433069
315.0 -0.0777174
316.0 -0.112595
317.0 -0.148099
318.0 -0.184189
319.0 -0.22074
320.0 -0.258041
321.0 -0.296705
322.0 -0.336884
323.0 -0.377898
324.0 -0.419573
325.0 -0.462948
326.0 -0.508207
327.0 -0.554342
328.0 -0.600886
329.0 -0.647894
330.0 -0.695424
331.0 -0.742789
332.0 -0.788851
333.0 -0.832928
334.0 -0.874368
335.0 -0.91245
336.0 -0.946611
337.0 -0.9763
338.0 -1.00129
339.0 -1.02157
340.0 -1.03747
341.0 -1.04923
342.0 -1.05717
343.0 -1.06154
344.0 -1.06257
345.0 -1.06034
346.0 -1.05466
347.0 -1.04532
348.0 -1.0321
349.0 -1.01473
350.0 -0.992799
351.0 -0.966138
352.0 -0.934897
353.0 -0.899393
354.0 -0.86026
355.0 -0.818159
356.0 -0.773744
357.0 -0.727634
358.0 -0.680855
359.0 -0.63435
360.0 -0.588099
361.0 -0.542272
362.0 -0.497603
363.0 -0.454405
364.0 -0.412557
365.0 -0.371879
366.0 -0.332533
367.0 -0.294471
368.0 -0.257613
369.0 -0.221748
370.0 -0.186787
371.0 -0.152745
372.0 -0.119314
373.0 -0.086262
374.0 -0.0536369
375.0 -0.0214393
376.0 0.0107284
377.0 0.0430663
378.0 0.0756086
379.0 0.108383
380.0 0.141536
381.0 0.175402
382.0 0.2101
383.0 0.245554
384.0 0.281969
385.0 0.319511
386.0 0.358128
387.0 0.39789
388.0 0.438842
389.0 0.48098
390.0 0.524019
391.0 0.567502
392.0 0.611465
393.0 0.655612
394.0 0.698835
395.0 0.740354
396.0 0.780013
397.0 0.81721
398.0 0.850715
399.0 0.88015
400.0 0.905369
401.0 0.92638
402.0 0.943145
403.0 0.955818
404.0 0.964796
405.0 0.970422
406.0 0.972858
407.0 0.972198
408.0 0.968437
409.0 0.96143
410.0 0.950907
411.0 0.93654
412.0 0.918009
413.0 0.895122
414.0 0.868001
415.0 0.836892
416.0 0.801858
417.0 0.763278
418.0 0.72243
419.0 0.680242
420.0 0.636873
421.0 0.592895
422.0 0.549102
423.0 0.50625
424.0 0.464427
425.0 0.423492
426.0 0.383692
427.0 0.345248
428.0 0.308164
429.0 0.272406
430.0 0.237773
431.0 0.203989
432.0 0.170957
433.0 0.138857
434.0 0.107593
435.0 0.0766707
436.0 0.0458572
437.0 0.0152903
438.0 -0.014978
439.0 -0.0452495
440.0 -0.0759273
441.0 -0.10715
442.0 -0.138781
443.0 -0.170767
444.0 -0.203568
445.0 -0.237475
446.0 -0.272455
447.0 -0.308469
448.0 -0.345635
449.0 -0.383935
450.0 -0.423633
451.0 -0.464901
452.0 -0.50735
453.0 -0.550473
454.0 -0.594002
455.0 -0.638096
456.0 -0.682349
457.0 -0.725295
458.0 -0.766112
459.0 -0.804565
460.0 -0.840198
461.0 -0.872148
462.0 -0.899639
463.0 -0.922722
464.0 -0.941568
465.0 -0.956276
466.0 -0.967099
467.0 -0.974373
468.0 -0.978386
469.0 -0.979273
470.0 -0.977109
471.0 -0.971749
472.0 -0.96296
473.0 -0.950543
474.0 -0.93424
475.0 -0.913586
476.0 -0.888307
477.0 -0.858836
478.0 -0.825558
479.0 -0.788777
480.0 -0.748744
481.0 -0.70653
482.0 -0.663057
483.0 -0.618888
484.0 -0.574464
485.0 -0.530269
486.0 -0.486815
487.0 -0.44428
488.0 -0.40286
489.0 -0.362773
490.0 -0.323742
491.0 -0.28567
492.0 -0.248824
493.0 -0.213129
494.0 -0.1785
495.0 -0.144334
496.0 -0.110584
497.0 -0.0774168
498.0 -0.0447904
499.0 -0.0124312
500.0 0.0201276
501.0 0.0528604
502.0 0.0857528
503.0 0.118911
504.0 0.152535
505.0 0.186947
506.0 0.222338
507.0 0.258658
508.0 0.295881
509.0 0.334164
510.0 0.373851
511.0 0.415139
512.0 0.457773
513.0 0.501473
514.0 0.546444
515.0 0.592883
516.0 0.64026
517.0 0.687848
518.0 0.735235
519.0 0.78206
520.0 0.827528
521.0 0.870786
522.0 0.911027
523.0 0.947517
524.0 0.979689
525.0 1.0072
526.0 1.03002
527.0 1.04825
528.0 1.06208
529.0 1.07187
530.0 1.07796
531.0 1.08059
532.0 1.07984
533.0 1.07569
534.0 1.06798
535.0 1.05635
536.0 1.04054
537.0 1.02033
538.0 0.995244
539.0 0.965213
540.0 0.930801
541.0 0.892397
542.0 0.850257
543.0 0.80508
544.0 0.758249
545.0 0.710564
546.0 0.662178
547.0 0.613494
548.0 0.565512
549.0 0.518901
550.0 0.47348
551.0 0.428975
552.0 0.385772
553.0 0.343864
554.0 0.3034
555.0 0.264154
556.0 0.225898
557.0 0.188404
558.0 0.15165
559.0 0.115639
560.0 0.080355
561.0 0.0453616
562.0 0.0101095
563.0 -0.0251394
564.0 -0.0601112
565.0 -0.0950872
566.0 -0.130737
567.0 -0.167426
568.0 -0.204578
569.0 -0.241982
570.0 -0.280311
571.0 -0.320031
572.0 -0.360992
573.0 -0.402912
574.0 -0.445803
575.0 -0.489798
576.0 -0.535026
577.0 -0.581767
578.0 -0.629359
579.0 -0.676926
580.0 -0.724153
581.0 -0.77112
582.0 -0.817454
583.0 -0.861721
584.0 -0.902665
585.0 -0.939975
586.0 -0.973579
587.0 -1.00298
588.0 -1.02763
589.0 -1.04745
590.0 -1.06281
591.0 -1.07422
592.0 -1.08196
593.0 -1.08619
594.0 -1.08711
595.0 -1.08482
596.0 -1.07919
597.0 -1.06992
598.0 -1.05671
599.0 -1.03943
600.0 -1.01782
601.0 -0.991331
602.0 -0.959933
603.0 -0.924391
604.0 -0.885444
605.0 -0.843265
606.0 -0.798062
607.0 -0.751232
608.0 -0.703931
609.0 -0.656572
610.0 -0.609175
611.0 -0.562141
612.0 -0.51597
613.0 -0.47118
614.0 -0.427878
615.0 -0.385689
616.0 -0.344311
617.0 -0.303932
618.0 -0.264938
619.0 -0.227182
620.0 -0.190037
621.0 -0.15324
622.0 -0.117141
623.0 -0.0818178
624.0 -0.0470852
625.0 -0.012234
626.0 0.0230007
627.0 0.058062
628.0 0.0930211
629.0 0.12831
630.0 0.164535
631.0 0.201587
632.0 0.239188
633.0 0.277624
634.0 0.317272
635.0 0.358244
636.0 0.400362
637.0 0.44378
638.0 0.488567
639.0 0.534368
640.0 0.581195
641.0 0.629003
642.0 0.677126
643.0 0.72484
644.0 0.771702
645.0 0.817361
646.0 0.860763
647.0 0.900901
648.0 0.937209
649.0 0.969309
650.0 0.996731
651.0 1.01934
652.0 1.03739
653.0 1.05115
654.0 1.06088
655.0 1.06691
656.0 1.06951
657.0 1.06879
658.0 1.06469
659.0 1.05706
660.0 1.04563
661.0 1.03005
662.0 1.01
663.0 0.985305
664.0 0.955837
665.0 0.921852
666.0 0.883929
667.0 0.842523
668.0 0.79831
669.0 0.752198
670.0 0.70505
671.0 0.657691
672.0 0.610392
673.0 0.563524
674.0 0.517748
675.0 0.47339
676.0 0.430261
677.0 0.388355
678.0 0.347893
679.0 0.308911
680.0 0.271238
681.0 0.234605
682.0 0.198937
683.0 0.164073
684.0 0.130036
685.0 0.0967971
686.0 0.0640192
687.0 0.0313983
688.0 -0.00114472
689.0 -0.0336095
690.0 -0.0659495
691.0 -0.0985776
692.0 -0.131855
693.0 -0.165663
694.0 -0.199911
695.0 -0.234813
696.0 -0.27086
697.0 -0.308074
698.0 -0.346111
699.0 -0.385071
700.0 -0.425318
701.0 -0.466817
702.0 -0.509123
703.0 -0.552054
704.0 -0.595525
705.0 -0.639083
706.0 -0.682071
707.0 -0.723786
708.0 -0.763884
709.0 -0.801608
710.0 -0.835982
711.0 -0.866602
712.0 -0.893309
713.0 -0.915787
714.0 -0.933872
715.0 -0.947867
716.0 -0.958177
717.0 -0.965066
718.0 -0.96874
719.0 -0.969334
720.0 -0.966913
721.0 -0.96137
722.0 -0.952457
723.0 -0.939863
724.0 -0.923289
725.0 -0.902568
726.0 -0.877631
727.0 -0.848307
728.0 -0.814762
729.0 -0.777914
730.0 -0.738603
731.0 -0.697055
732.0 -0.653802
733.0 -0.609999
734.0 -0.566478
735.0 -0.523513
736.0 -0.481072
737.0 -0.439471
738.0 -0.399318
739.0 -0.360683
740.0 -0.323272
741.0 -0.286812
742.0 -0.25142
743.0 -0.21739
744.0 -0.184506
745.0 -0.152228
746.0 -0.120325
747.0 -0.0890153
748.0 -0.0583924
749.0 -0.0280499
750.0 0.00234401
751.0 0.032821
752.0 0.0633726
753.0 0.0941324
754.0 0.125337
755.0 0.157176
756.0 0.189778
757.0 0.223191
758.0 0.257465
759.0 0.292852
760.0 0.329584
761.0 0.367494
762.0 0.406641
763.0 0.447234
764.0 0.488899
765.0 0.531488
766.0 0.575047
767.0 0.619187
768.0 0.663247
769.0 0.706427
770.0 0.748178
771.0 0.787988
772.0 0.825021
773.0 0.858424
774.0 0.887552
775.0 0.912561
776.0 0.933316
777.0 0.949842
778.0 0.962255
779.0 0.970966
780.0 0.976341
781.0 0.978538
782.0 0.977628
783.0 0.973591
784.0 0.966254
785.0 0.955367
786.0 0.940606
787.0 0.921659
788.0 0.898387
789.0 0.870841
790.0 0.839092
791.0 0.803454
792.0 0.764706
793.0 0.723761
794.0 0.68109
795.0 0.637017
796.0 0.592481
797.0 0.548455
798.0 0.505062
799.0 0.462137
800.0 0.420134
801.0 0.379472
802.0 0.34006
803.0 0.301766
804.0 0.264439
805.0 0.228246
806.0 0.193098
807.0 0.158667
808.0 0.124763
809.0 0.0913509
810.0 0.0585679
811.0 0.0261348
812.0 -0.00641315
813.0 -0.0391729
814.0 -0.0718106
815.0 -0.104553
816.0 -0.137915
817.0 -0.172099
818.0 -0.206988
819.0 -0.242546
820.0 -0.278955
821.0 -0.316561
822.0 -0.35558
823.0 -0.395958
824.0 -0.437463
825.0 -0.480077
826.0 -0.524189
827.0 -0.5697
828.0 -0.616131
829.0 -0.662866
830.0 -0.709611
831.0 -0.756389
832.0 -0.80222
833.0 -0.845964
834.0 -0.886994
835.0 -0.924655
836.0 -0.958405
837.0 -0.987745
838.0 -1.01245
839.0 -1.03244
840.0 -1.04796
841.0 -1.05936
842.0 -1.06697
843.0 -1.07104
844.0 -1.07171
845.0 -1.06904
846.0 -1.06292
847.0 -1.05299
848.0 -1.03898
849.0 -1.02075
850.0 -0.997988
851.0 -0.970217
852.0 -0.937588
853.0 -0.900829
854.0 -0.8605
855.0 -0.817036
856.0 -0.771167
857.0 -0.723783
858.0 -0.675588
859.0 -0.627471
860.0 -0.579967
861.0 -0.533023
862.0 -0.486771
863.0 -0.441989
864.0 -0.398858
865.0 -0.357017
866.0 -0.316138
867.0 -0.276291
868.0 -0.237844
869.0 -0.200669
870.0 -0.164177
871.0 -0.128127
872.0 -0.0925831
873.0 -0.0576572
874.0 -0.0232008
875.0 0.0112873
876.0 0.0460592
877.0 0.0809827
878.0 0.115953
879.0 0.151452
880.0 0.1877
881.0 0.224813
882.0 0.262826
883.0 0.301603
884.0 0.341411
885.0 0.382499
886.0 0.425077
887.0 0.468929
888.0 0.513765
889.0 0.559693
890.0 0.606868
891.0 0.654914
892.0 0.702979
893.0 0.750633
894.0 0.797555
895.0 0.842876
896.0 0.885797
897.0 0.925597
898.0 0.961481
899.0 0.992894
900.0 1.0196
901.0 1.04163
902.0 1.05918
903.0 1.07242
904.0 1.08162
905.0 1.08721
906.0 1.08941
907.0 1.08828
908.0 1.08376
909.0 1.07568
910.0 1.06371
911.0 1.04744
912.0 1.02662
913.0 1.00109
914.0 0.970736
915.0 0.935651
916.0 0.896671
917.0 0.854034
918.0 0.808585
919.0 0.761487
920.0 0.713499
921.0 0.664995
922.0 0.616366
923.0 0.568486
924.0 0.521958
925.0 0.476619
926.0 0.432266
927.0 0.389242
928.0 0.347908
929.0 0.307956
930.0 0.268975
931.0 0.230961
932.0 0.19393
933.0 0.157833
934.0 0.122471
935.0 0.0875674
936.0 0.0530127
937.0 0.0185981
938.0 -0.0157361
939.0 -0.0500144
940.0 -0.0845489
941.0 -0.119555
942.0 -0.155131
943.0 -0.19123
944.0 -0.228175
945.0 -0.266149
946.0 -0.305115
947.0 -0.345172
948.0 -0.386552
949.0 -0.429359
950.0 -0.473378
951.0 -0.518464
952.0 -0.564766
953.0 -0.612251
954.0 -0.660344
955.0 -0.708225
956.0 -0.755517
957.0 -0.801979
958.0 -0.846822
959.0 -0.888704
960.0 -0.926797
961.0 -0.961058
962.0 -0.991096
963.0 -1.01619
964.0 -1.03637
965.0 -1.05211
966.0 -1.06378
967.0 -1.07157
968.0 -1.07574
969.0 -1.07653
970.0 -1.07394
971.0 -1.06788
972.0 -1.05814
973.0 -1.04433
974.0 -1.02613
975.0 -1.00346
976.0 -0.976112
977.0 -0.94402
978.0 -0.907631
979.0 -0.867653
980.0 -0.824914
981.0 -0.779986
982.0 -0.733394
983.0 -0.686042
984.0 -0.638972
985.0 -0.59255
986.0 -0.546704
987.0 -0.501839
988.0 -0.458197
989.0 -0.416099
990.0 -0.375421
991.0 -0.336118
992.0 -0.297884
993.0 -0.26066
994.0 -0.224724
995.0 -0.189859
996.0 -0.155737
997.0 -0.121962
998.0 -0.0886478
999.0 -0.0560397
1000.0 -0.023862
1001.0 0.00836561
1002.0 0.0410723
1003.0 0.074013
1004.0 0.106835
1005.0 0.140023
1006.0 0.174092
1007.0 0.2092
1008.0 0.244974
1009.0 0.281514
1010.0 0.319098
1011.0 0.357963
1012.0 0.398247
1013.0 0.439751
1014.0 0.481971
1015.0 0.525008
1016.0 0.568985
1017.0 0.613456
1018.0 0.65757
1019.0 0.700758
1020.0 0.742469
1021.0 0.782305
1022.0 0.81937
1023.0 0.852683
1024.0 0.881864
1025.0 0.906889
1026.0 0.927648
1027.0 0.944049
1028.0 0.956369
1029.0 0.965063
1030.0 0.970431
1031.0 0.97261
1032.0 0.971717
1033.0 0.967734
1034.0 0.960478
1035.0 0.949687
1036.0 0.935018
1037.0 0.916235
1038.0 0.893177
1039.0 0.865798
1040.0 0.834075
1041.0 0.798525
1042.0 0.760131
1043.0 0.719473
1044.0 0.676889
1045.0 0.633079
1046.0 0.58925
1047.0 0.545883
1048.0 0.503093
1049.0 0.461135
1050.0 0.420318
1051.0 0.380832
1052.0 0.342723
1053.0 0.305876
1054.0 0.270181
1055.0 0.235653
1056.0 0.202175
1057.0 0.169488
1058.0 0.137531
1059.0 0.106379
1060.0 0.0756874
1061.0 0.0451622
1062.0 0.014834
1063.0 -0.0152502
1064.0 -0.0453874
1065.0 -0.0758922
1066.0 -0.106809
1067.0 -0.138036
1068.0 -0.169845
1069.0 -0.202551
1070.0 -0.236221
1071.0 -0.270787
1072.0 -0.306397
1073.0 -0.343281
1074.0 -0.381613
1075.0 -0.421149
1076.0 -0.461811
1077.0 -0.503602
1078.0 -0.546441
1079.0 -0.589932
1080.0 -0.633453
1081.0 -0.67659
1082.0 -0.718771
1083.0 -0.759319
1084.0 -0.797437
1085.0 -0.832271
1086.0 -0.863235
1087.0 -0.890115
1088.0 -0.912778
1089.0 -0.931093
1090.0 -0.945234
1091.0 -0.955631
1092.0 -0.962599
1093.0 -0.966317
1094.0 -0.966941
1095.0 -0.964538
1096.0 -0.95894
1097.0 -0.949914
1098.0 -0.937274
1099.0 -0.920779
1100.0 -0.899933
1101.0 -0.874587
1102.0 -0.845187
1103.0 -0.811997
1104.0 -0.775227
1105.0 -0.735522
1106.0 -0.693938
1107.0 -0.65124
1108.0 -0.607641
1109.0 -0.563835
1110.0 -0.520619
1111.0 -0.478089
1112.0 -0.436397
1113.0 -0.395655
1114.0 -0.356341
1115.0 -0.318289
1116.0 -0.28122
1117.0 -0.24502
1118.0 -0.209943
1119.0 -0.175779
1120.0 -0.142402
1121.0 -0.109532
1122.0 -0.0769676
1123.0 -0.0446575
1124.0 -0.0128055
1125.0 0.0190027
1126.0 0.0511363
1127.0 0.0836314
1128.0 0.116529
1129.0 0.149784
1130.0 0.183617
1131.0 0.218532
1132.0 0.254708
1133.0 0.291899
1134.0 0.329988
1135.0 0.369387
1136.0 0.41058
1137.0 0.453542
1138.0 0.49757
1139.0 0.5425
1140.0 0.588859
1141.0 0.636458
1142.0 0.684551
1143.0 0.732207
1144.0 0.77892
1145.0 0.824598
1146.0 0.868165
1147.0 0.90847
1148.0 0.944712
1149.0 0.976611
1150.0 1.00402
1151.0 1.02673
1152.0 1.04476
1153.0 1.05832
1154.0 1.06785
1155.0 1.07373
1156.0 1.07612
1157.0 1.07511
1158.0 1.07071
1159.0 1.06269
1160.0 1.05073
1161.0 1.03454
1162.0 1.01387
1163.0 0.98843
1164.0 0.958051
1165.0 0.923236
1166.0 0.88444
1167.0 0.842032
1168.0 0.796794
1169.0 0.749966
1170.0 0.702191
1171.0 0.653791
1172.0 0.605276
1173.0 0.55782
1174.0 0.511552
1175.0 0.466203
1176.0 0.421869
1177.0 0.379077
1178.0 0.33797
1179.0 0.298066
1180.0 0.259092
1181.0 0.221179
1182.0 0.184452
1183.0 0.148619
1184.0 0.113249
1185.0 0.0783892
1186.0 0.0440209
1187.0 0.00982739
1188.0 -0.024354
1189.0 -0.0585288
1190.0 -0.0929086
1191.0 -0.127693
1192.0 -0.162915
1193.0 -0.198966
1194.0 -0.235933
1195.0 -0.273605
1196.0 -0.31228
1197.0 -0.352345
1198.0 -0.393756
1199.0 -0.436372
1200.0 -0.480269
1201.0 -0.525554
1202.0 -0.571929
1203.0 -0.619385
1204.0 -0.667487
1205.0 -0.715417
1206.0 -0.762878
1207.0 -0.809582
1208.0 -0.85455
1209.0 -0.896567
1210.0 -0.934897
1211.0 -0.969302
1212.0 -0.999429
1213.0 -1.02467
1214.0 -1.04499
1215.0 -1.06085
1216.0 -1.07258
1217.0 -1.0804
1218.0 -1.08453
1219.0 -1.08523
1220.0 -1.08252
1221.0 -1.07622
1222.0 -1.06618
1223.0 -1.05204
1224.0 -1.03347
1225.0 -1.01012
1226.0 -0.981935
1227.0 -0.94899
1228.0 -0.911838
1229.0 -0.870931
1230.0 -0.826769
1231.0 -0.780392
1232.0 -0.732751
1233.0 -0.684363
1234.0 -0.635784
1235.0 -0.587663
1236.0 -0.540558
1237.0 -0.494663
1238.0 -0.449782
1239.0 -0.406167
1240.0 -0.364232
1241.0 -0.323845
1242.0 -0.284444
1243.0 -0.245901
1244.0 -0.20872
1245.0 -0.172805
1246.0 -0.13743
1247.0 -0.102101
1248.0 -0.0674468
1249.0 -0.0336492
1250.0 -1.70763e-05
1251.0 0.0341986
1252.0 0.068535
1253.0 0.102853
1254.0 0.137451
1255.0 0.172872
1256.0 0.209106
1257.0 0.246044
1258.0 0.284039
1259.0 0.32328
1260.0 0.363596
1261.0 0.404979
1262.0 0.44781
1263.0 0.492147
1264.0 0.53758
1265.0 0.583888
1266.0 0.630823
1267.0 0.67834
1268.0 0.726097
1269.0 0.772586
1270.0 0.817209
1271.0 0.860116
1272.0 0.90025
1273.0 0.936219
1274.0 0.967729
1275.0 0.994826
1276.0 1.01734
1277.0 1.03519
1278.0 1.04866
1279.0 1.05817
1280.0 1.06405
1281.0 1.06648
1282.0 1.06556
1283.0 1.06127
1284.0 1.05344
1285.0 1.0418
1286.0 1.02604
1287.0 1.0058
1288.0 0.980821
1289.0 0.951256
1290.0 0.917439
1291.0 0.879676
1292.0 0.8384
1293.0 0.794507
1294.0 0.749124
1295.0 0.702733
1296.0 0.655968
1297.0 0.609058
1298.0 0.562852
1299.0 0.517871
1300.0 0.474226
1301.0 0.431581
1302.0 0.38996
1303.0 0.350045
1304.0 0.311756
1305.0 0.274406
1306.0 0.237717
1307.0 0.202218
1308.0 0.168024
1309.0 0.1344
1310.0 0.100965
1311.0 0.06803
1312.0 0.0357196
1313.0 0.00357553
1314.0 -0.0289185
1315.0 -0.0615923
1316.0 -0.0942283
1317.0 -0.127171
1318.0 -0.16095
1319.0 -0.195626
1320.0 -0.230731
1321.0 -0.266691
1322.0 -0.303905
1323.0 -0.342438
1324.0 -0.381956
1325.0 -0.422327
1326.0 -0.464088
1327.0 -0.50707
1328.0 -0.550744
1329.0 -0.594758
1330.0 -0.638887
1331.0 -0.682756
1332.0 -0.725478
1333.0 -0.766243
1334.0 -0.804498
1335.0 -0.839649
1336.0 -0.871097
1337.0 -0.898286
1338.0 -0.921014
1339.0 -0.939489
1340.0 -0.953887
1341.0 -0.964425
1342.0 -0.971463
1343.0 -0.975244
1344.0 -0.975947
1345.0 -0.973608
1346.0 -0.968072
1347.0 -0.959158
1348.0 -0.946664
1349.0 -0.930244
1350.0 -0.909398
1351.0 -0.884116
1352.0 -0.854812
1353.0 -0.821575
1354.0 -0.784613
1355.0 -0.74455
1356.0 -0.702625
1357.0 -0.659767
1358.0 -0.616049
1359.0 -0.571777
1360.0 -0.528046
1361.0 -0.485561
1362.0 -0.444175
1363.0 -0.40361
1364.0 -0.364218
1365.0 -0.326428
1366.0 -0.290033
1367.0 -0.254707
1368.0 -0.220238
1369.0 -0.186772
1370.0 -0.154319
1371.0 -0.12267
1372.0 -0.0913838
1373.0 -0.0603934
1374.0 -0.0298904
1375.0 0.000306611
1376.0 0.0306729
1377.0 0.0613601
1378.0 0.0921596
1379.0 0.123142
1380.0 0.15478
1381.0 0.18741
1382.0 0.220751
1383.0 0.254713
1384.0 0.289727
1385.0 0.326221
1386.0 0.364041
1387.0 0.402835
1388.0 0.442741
1389.0 0.484214
1390.0 0.526991
1391.0 0.570148
1392.0 0.613463
1393.0 0.657194
1394.0 0.700548
1395.0 0.742188
1396.0 0.781611
1397.0 0.818567
1398.0 0.852321
1399.0 0.881812
1400.0 0.906816
1401.0 0.927675
1402.0 0.944482
1403.0 0.957183
1404.0 0.966109
1405.0 0.971669
1406.0 0.974079
1407.0 0.973383
1408.0 0.969529
1409.0 0.962444
1410.0 0.951813
1411.0 0.937256
1412.0 0.91849
1413.0 0.895398
1414.0 0.868082
1415.0 0.836703
1416.0 0.801484
1417.0 0.762893
1418.0 0.721896
1419.0 0.679515
1420.0 0.636133
1421.0 0.592025
1422.0 0.547821
1423.0 0.504357
1424.0 0.462166
1425.0 0.42078
1426.0 0.380148
1427.0 0.340652
1428.0 0.302591
1429.0 0.265844
1430.0 0.229869
1431.0 0.194568
1432.0 0.160079
1433.0 0.126608
1434.0 0.0937518
1435.0 0.0611513
1436.0 0.028555
1437.0 -0.00396573
1438.0 -0.0362347
1439.0 -0.0685008
1440.0 -0.101216
1441.0 -0.134701
1442.0 -0.168802
1443.0 -0.203298
1444.0 -0.23853
1445.0 -0.274934
1446.0 -0.312721
1447.0 -0.35173
1448.0 -0.391771
1449.0 -0.433079
1450.0 -0.475751
1451.0 -0.520112
1452.0 -0.565654
1453.0 -0.611938
1454.0 -0.658664
1455.0 -0.705688
1456.0 -0.752595
1457.0 -0.798486
1458.0 -0.842191
1459.0 -0.883245
1460.0 -0.921252
1461.0 -0.955359
1462.0 -0.984784
1463.0 -1.00946
1464.0 -1.02961
1465.0 -1.04535
1466.0 -1.0569
1467.0 -1.06463
1468.0 -1.06884
1469.0 -1.06968
1470.0 -1.06719
1471.0 -1.06127
1472.0 -1.05166
1473.0 -1.03805
1474.0 -1.02017
1475.0 -0.9978
1476.0 -0.9705
1477.0 -0.93851
1478.0 -0.902342
1479.0 -0.862564
1480.0 -0.81961
1481.0 -0.774078
1482.0 -0.727286
1483.0 -0.680071
1484.0 -0.632563
1485.0 -0.585068
1486.0 -0.538482
1487.0 -0.493285
1488.0 -0.449123
1489.0 -0.406147
1490.0 -0.364581
1491.0 -0.324268
1492.0 -0.28513
1493.0 -0.24702
1494.0 -0.209993
1495.0 -0.173902
1496.0 -0.138336
1497.0 -0.103311
1498.0 -0.0688187
1499.0 -0.0346825
1500.0 -0.000632889
1501.0 0.0335566
1502.0 0.068057
1503.0 0.102826
1504.0 0.138008
1505.0 0.17373
1506.0 0.210259
1507.0 0.24787
1508.0 0.286706
1509.0 0.326594
1510.0 0.367468
1511.0 0.409757
1512.0 0.453893
1513.0 0.499411
1514.0 0.545744
1515.0 0.593026
1516.0 0.641421
1517.0 0.690516
1518.0 0.739413
1519.0 0.787217
1520.0 0.833449
1521.0 0.877626
1522.0 0.918855
1523.0 0.956156
1524.0 0.988878
1525.0 1.01678
1526.0 1.04007
1527.0 1.05867
1528.0 1.07273
1529.0 1.0826
1530.0 1.08874
1531.0 1.09136
1532.0 1.09051
1533.0 1.08619
1534.0 1.07827
1535.0 1.06633
1536.0 1.05008
1537.0 1.02933
1538.0 1.00378
1539.0 0.973324
1540.0 0.938264
1541.0 0.899288
1542.0 0.856767
1543.0 0.811189
1544.0 0.763758
1545.0 0.715647
1546.0 0.667302
1547.0 0.618692
1548.0 0.570508
1549.0 0.523696
1550.0 0.478287
1551.0 0.433965
1552.0 0.39082
1553.0 0.348995
1554.0 0.308944
1555.0 0.270039
1556.0 0.231984
1557.0 0.194841
1558.0 0.158687
1559.0 0.123211
1560.0 0.088427
1561.0 0.0540337
1562.0 0.0196013
1563.0 -0.0147197
1564.0 -0.0488702
1565.0 -0.0831303
1566.0 -0.117988
1567.0 -0.153634
1568.0 -0.189734
1569.0 -0.226244
1570.0 -0.263737
1571.0 -0.302686
1572.0 -0.342937
1573.0 -0.38416
1574.0 -0.426488
1575.0 -0.470341
1576.0 -0.515749
1577.0 -0.562149
1578.0 -0.609067
1579.0 -0.656854
1580.0 -0.704908
1581.0 -0.752389
1582.0 -0.79871
1583.0 -0.843234
1584.0 -0.885016
1585.0 -0.923194
1586.0 -0.95735
1587.0 -0.987109
1588.0 -1.01203
1589.0 -1.0322
1590.0 -1.04793
1591.0 -1.05956
1592.0 -1.06735
1593.0 -1.07156
1594.0 -1.07243
1595.0 -1.06998
1596.0 -1.0641
1597.0 -1.05456
1598.0 -1.04103
1599.0 -1.02323
1600.0 -1.00093
1601.0 -0.973955
1602.0 -0.942179
1603.0 -0.906073
1604.0 -0.866628
1605.0 -0.824251
1606.0 -0.779119
1607.0 -0.732499
1608.0 -0.685666
1609.0 -0.638774
1610.0 -0.591848
1611.0 -0.545693
1612.0 -0.501118
1613.0 -0.457778
1614.0 -0.415347
1615.0 -0.374212
1616.0 -0.334907
1617.0 -0.296896
1618.0 -0.259595
1619.0 -0.223445
1620.0 -0.188584
1621.0 -0.154375
1622.0 -0.120561
1623.0 -0.0873673
1624.0 -0.0548086
1625.0 -0.022463
1626.0 0.0101192
1627.0 0.0427103
1628.0 0.0751567
1629.0 0.107865
1630.0 0.141559
1631.0 0.175801
1632.0 0.210354
1633.0 0.245769
1634.0 0.282542
1635.0 0.320488
1636.0 0.359064
1637.0 0.398662
1638.0 0.440042
1639.0 0.48268
1640.0 0.52565
1641.0 0.568999
1642.0 0.613116
1643.0 0.657425
1644.0 0.70071
1645.0 0.742341
1646.0 0.781906
1647.0 0.818762
1648.0 0.852147
1649.0 0.881414
1650.0 0.906381
1651.0 0.92705
1652.0 0.943513
1653.0 0.955998
1654.0 0.9648
1655.0 0.970202
1656.0 0.972455
1657.0 0.971646
1658.0 0.967725
1659.0 0.960603
1660.0 0.949967
1661.0 0.935488
1662.0 0.916841
1663.0 0.894036
1664.0 0.866965
1665.0 0.835608
1666.0 0.80046
1667.0 0.762424
1668.0 0.722076
1669.0 0.679822
1670.0 0.636513
1671.0 0.593154
1672.0 0.550152
1673.0 0.50747
1674.0 0.465525
1675.0 0.424997
1676.0 0.385908
1677.0 0.347771
1678.0 0.310604
1679.0 0.274916
1680.0 0.240524
1681.0 0.206823
1682.0 0.173757
1683.0 0.141675
1684.0 0.110273
1685.0 0.079251
1686.0 0.0484446
1687.0 0.0178648
1688.0 -0.012596
1689.0 -0.0431643
1690.0 -0.0739706
1691.0 -0.105042
1692.0 -0.136756
1693.0 -0.169084
1694.0 -0.202026
1695.0 -0.235772
1696.0 -0.270574
1697.0 -0.306654
1698.0 -0.34392
1699.0 -0.382121
1700.0 -0.421466
1701.0 -0.462422
1702.0 -0.504672
1703.0 -0.547452
1704.0 -0.590534
1705.0 -0.634111
1706.0 -0.677761
1707.0 -0.720209
1708.0 -0.760583
1709.0 -0.798604
1710.0 -0.833778
1711.0 -0.865077
1712.0 -0.892166
1713.0 -0.914941
1714.0 -0.933456
1715.0 -0.947886
1716.0 -0.958527
1717.0 -0.96564
1718.0 -0.969515
1719.0 -0.970323
1720.0 -0.968083
1721.0 -0.962664
1722.0 -0.953882
1723.0 -0.941507
1724.0 -0.925141
1725.0 -0.904445
1726.0 -0.879435
1727.0 -0.850358
1728.0 -0.817309
1729.0 -0.78059
1730.0 -0.741205
1731.0 -0.699803
1732.0 -0.656933
1733.0 -0.613135
1734.0 -0.569362
1735.0 -0.526119
1736.0 -0.483368
1737.0 -0.441219
1738.0 -0.400293
1739.0 -0.360809
1740.0 -0.322339
1741.0 -0.284673
1742.0 -0.248185
1743.0 -0.212887
1744.0 -0.178389
1745.0 -0.144364
1746.0 -0.111022
1747.0 -0.0783651
1748.0 -0.0458309
1749.0 -0.0133984
1750.0 0.0187305
1751.0 0.0509547
1752.0 0.0836959
1753.0 0.116845
1754.0 0.150211
1755.0 0.184163
1756.0 0.219201
1757.0 0.255427
1758.0 0.292381
1759.0 0.330218
1760.0 0.369523
1761.0 0.410684
1762.0 0.452875
1763.0 0.496047
1764.0 0.540616
1765.0 0.586774
1766.0 0.633638
1767.0 0.680444
1768.0 0.727236
1769.0 0.773698
1770.0 0.81876
1771.0 0.861409
1772.0 0.901035
1773.0 0.937053
1774.0 0.968774
1775.0 0.995874
1776.0 1.01832
1777.0 1.03619
1778.0 1.04976
1779.0 1.05935
1780.0 1.06528
1781.0 1.06777
1782.0 1.06693
1783.0 1.06273
1784.0 1.05495
1785.0 1.04335
1786.0 1.02769
1787.0 1.00745
1788.0 0.982475
1789.0 0.952821
1790.0 0.918832
1791.0 0.880865
1792.0 0.839059
1793.0 0.794568
1794.0 0.748576
1795.0 0.701571
1796.0 0.653679
1797.0 0.605813
1798.0 0.558871
1799.0 0.512915
1800.0 0.467874
1801.0 0.424097
1802.0 0.381751
1803.0 0.340592
1804.0 0.30061
1805.0 0.261924
1806.0 0.224361
1807.0 0.187618
1808.0 0.151543
1809.0 0.116217
1810.0 0.0816443
1811.0 0.0473346
1812.0 0.0129688
1813.0 -0.0212791
1814.0 -0.0554276
1815.0 -0.0897268
1816.0 -0.124655
1817.0 -0.160143
1818.0 -0.196144
1819.0 -0.233
1820.0 -0.270939
1821.0 -0.309715
1822.0 -0.349665
1823.0 -0.391115
1824.0 -0.433821
1825.0 -0.477562
1826.0 -0.522431
1827.0 -0.568753
1828.0 -0.616317
1829.0 -0.664115
1830.0 -0.711567
1831.0 -0.758795
1832.0 -0.805339
1833.0 -0.849899
1834.0 -0.891515
1835.0 -0.929618
1836.0 -0.963803
1837.0 -0.993582
1838.0 -1.0186
1839.0 -1.03889
1840.0 -1.05471
1841.0 -1.06634
1842.0 -1.07419
1843.0 -1.07849
1844.0 -1.07938
1845.0 -1.07694
1846.0 -1.07108
1847.0 -1.06147
1848.0 -1.0478
1849.0 -1.02988
1850.0 -1.00748
1851.0 -0.980209
1852.0 -0.948113
1853.0 -0.911753
1854.0 -0.871682
1855.0 -0.828662
1856.0 -0.783393
1857.0 -0.736394
1858.0 -0.688322
1859.0 -0.640192
1860.0 -0.592863
1861.0 -0.546407
1862.0 -0.500494
1863.0 -0.4554
1864.0 -0.412101
1865.0 -0.370541
1866.0 -0.32985
1867.0 -0.289698
1868.0 -0.250996
1869.0 -0.213826
1870.0 -0.177482
1871.0 -0.141176
1872.0 -0.105528
1873.0 -0.0708383
1874.0 -0.0364811
1875.0 -0.00181958
1876.0 0.0329929
1877.0 0.0676123
1878.0 0.10237
1879.0 0.137871
1880.0 0.174107
1881.0 0.210847
1882.0 0.248363
1883.0 0.287036
1884.0 0.326975
1885.0 0.368051
1886.0 0.410273
1887.0 0.453867
1888.0 0.499006
1889.0 0.545135
1890.0 0.592108
1891.0 0.640202
1892.0 0.688462
1893.0 0.736582
1894.0 0.783966
1895.0 0.829859
1896.0 0.873218
1897.0 0.913477
1898.0 0.950153
1899.0 0.982447
1900.0 1.00986
1901.0 1.03258
1902.0 1.05076
1903.0 1.06451
1904.0 1.07422
1905.0 1.08026
1906.0 1.08288
1907.0 1.08213
1908.0 1.07802
1909.0 1.07042
1910.0 1.05895
1911.0 1.04323
1912.0 1.02319
1913.0 0.998585
1914.0 0.969148
1915.0 0.934955
1916.0 0.896883
1917.0 0.855623
1918.0 0.811504
1919.0 0.765276
1920.0 0.718042
1921.0 0.670585
1922.0 0.623089
1923.0 0.575918
1924.0 0.529933
1925.0 0.485156
1926.0 0.441514
1927.0 0.399177
1928.0 0.358219
1929.0 0.318417
1930.0 0.279703
1931.0 0.242218
1932.0 0.205812
1933.0 0.170148
1934.0 0.134901
1935.0 0.100273
1936.0 0.0663338
1937.0 0.0325598
1938.0 -0.00136585
1939.0 -0.0353229
1940.0 -0.069292
1941.0 -0.103512
1942.0 -0.138392
1943.0 -0.173948
1944.0 -0.210116
1945.0 -0.247014
1946.0 -0.284979
1947.0 -0.324261
1948.0 -0.364633
1949.0 -0.406042
1950.0 -0.448716
1951.0 -0.492626
1952.0 -0.53747
1953.0 -0.583154
1954.0 -0.629453
1955.0 -0.675671
1956.0 -0.721169
1957.0 -0.765573
1958.0 -0.808218
1959.0 -0.84803
1960.0 -0.884174
1961.0 -0.916363
1962.0 -0.944362
1963.0 -0.967758
1964.0 -0.98662
1965.0 -1.00127
1966.0 -1.01203
1967.0 -1.01915
1968.0 -1.02289
1969.0 -1.02343
1970.0 -1.02076
1971.0 -1.01478
1972.0 -1.0052
1973.0 -0.991693
1974.0 -0.973922
1975.0 -0.951645
1976.0 -0.924509
1977.0 -0.892586
1978.0 -0.856344
1979.0 -0.816216
1980.0 -0.772836
1981.0 -0.72676
1982.0 -0.678901
1983.0 -0.630591
1984.0 -0.58216
1985.0 -0.53359
1986.0 -0.485915
1987.0 -0.44008
1988.0 -0.395875
1989.0 -0.352922
1990.0 -0.311909
1991.0 -0.273512
1992.0 -0.237555
1993.0 -0.20361
1994.0 -0.171924
1995.0 -0.143296
1996.0 -0.117563
1997.0 -0.094437
1998.0 -0.0740897
1999.0 -0.0567874
2000.0 -0.0425012
2001.0 -0.0310017
2002.0 -0.0221612
2003.0 -0.0158953
2004.0 -0.0119557
2005.0 -0.0100474
2006.0 -0.00991855
2007.0 -0.0112739
2008.0 -0.0138212
2009.0 -0.0172998
2010.0 -0.0214224
2011.0 -0.025903
2012.0 -0.0304913
2013.0 -0.0349901
2014.0 -0.0391649
2015.0 -0.0427456
2016.0 -0.0455363
2017.0 -0.0473729
2018.0 -0.0480527
2019.0 -0.0474022
2020.0 -0.0453163
2021.0 -0.0416446
2022.0 -0.0362946
2023.0 -0.0293014
2024.0 -0.0206968
2025.0 -0.0103919
2026.0 0.00159588
2027.0 0.0149991
2028.0 0.0296941
2029.0 0.0457219
2030.0 0.0629062
2031.0 0.0809711
2032.0 0.0998193
2033.0 0.11943
2034.0 0.139574
2035.0 0.160005
2036.0 0.180686
2037.0 0.201511
2038.0 0.222332
2039.0 0.242933
2040.0 0.26329
2041.0 0.283331
2042.0 0.302889
2043.0 0.321948
2044.0 0.340495
2045.0 0.358473
2046.0 0.375872
2047.0 0.392816
2048.0 0.409374
2049.0 0.425442
2050.0 0.44104
2051.0 0.456262
2052.0 0.471261
2053.0 0.485936
2054.0 0.500027
2055.0 0.513587
2056.0 0.526754
2057.0 0.539303
2058.0 0.550927
2059.0 0.561533
2060.0 0.571101
2061.0 0.579442
2062.0 0.586279
2063.0 0.591522
2064.0 0.595148
2065.0 0.597064
2066.0 0.597205
2067.0 0.595604
2068.0 0.592267
2069.0 0.58722
2070.0 0.580556
2071.0 0.572456
2072.0 0.562993
2073.0 0.55228
2074.0 0.540588
2075.0 0.528122
2076.0 0.514826
2077.0 0.500869
2078.0 0.48649
2079.0 0.471681
2080.0 0.456305
2081.0 0.440465
2082.0 0.424283
2083.0 0.407659
2084.0 0.390404
2085.0 0.372606
2086.0 0.354391
2087.0 0.335531
2088.0 0.315892
2089.0 0.295591
2090.0 0.274808
2091.0 0.253504
2092.0 0.231552
2093.0 0.209017
2094.0 0.186297
2095.0 0.163406
2096.0 0.140225
2097.0 0.11674
2098.0 0.093355
2099.0 0.0702613
2100.0 0.0473826
2101.0 0.0246458
2102.0 0.00231732
2103.0 -0.0192829
2104.0 -0.0402653
2105.0 -0.0604915
2106.0 -0.0798348
2107.0 -0.0981335
2108.0 -0.115229
2109.0 -0.131026
2110.0 -0.145449
2111.0 -0.158433
2112.0 -0.169877
2113.0 -0.179693
2114.0 -0.187878
2115.0 -0.194547
2116.0 -0.199683
2117.0 -0.203354
2118.0 -0.205682
2119.0 -0.2068
2120.0 -0.206811
2121.0 -0.205857
2122.0 -0.204071
2123.0 -0.201574
2124.0 -0.19847
2125.0 -0.194911
2126.0 -0.19098
2127.0 -0.186709
2128.0 -0.182189
2129.0 -0.177548
2130.0 -0.172834
2131.0 -0.168022
2132.0 -0.163144
2133.0 -0.158294
2134.0 -0.153524
2135.0 -0.148804
2136.0 -0.144101
2137.0 -0.139487
2138.0 -0.135014
2139.0 -0.130645
2140.0 -0.126359
2141.0 -0.122173
2142.0 -0.118129
2143.0 -0.114188
2144.0 -0.110363
2145.0 -0.106666
2146.0 -0.103088
2147.0 -0.0996137
2148.0 -0.0962418
2149.0 -0.0930003
2150.0 -0.089886
2151.0 -0.0868434
2152.0 -0.0839034
2153.0 -0.0810828
2154.0 -0.0783671
2155.0 -0.0757302
2156.0 -0.073183
2157.0 -0.0707365
2158.0 -0.0683812
2159.0 -0.0660996
2160.0 -0.06389
2161.0 -0.0617727
2162.0 -0.0597371
2163.0 -0.0577578
2164.0 -0.0558459
2165.0 -0.0540164
2166.0 -0.0522581
2167.0 -0.0505498
2168.0 -0.0488924
2169.0 -0.0473086
2170.0 -0.0457917
2171.0 -0.0443109
2172.0 -0.0428768
2173.0 -0.0415063
2174.0 -0.0401936
2175.0 -0.038917
2176.0 -0.0376792
2177.0 -0.0364901
2178.0 -0.035348
2179.0 -0.0342425
2180.0 -0.0331706
2181.0 -0.0321369
2182.0 -0.0311447
2183.0 -0.030186
2184.0 -0.0292579
2185.0 -0.028364
2186.0 -0.0275013
2187.0 -0.0266663
2188.0 -0.0258604
2189.0 -0.0250836
2190.0 -0.0243326
2191.0 -0.0236064
2192.0 -0.0229048
2193.0 -0.0222271
2194.0 -0.0215732
2195.0 -0.0209399
2196.0 -0.0203278
2197.0 -0.0197384
2198.0 -0.0191665
2199.0 -0.0186119
2200.0 -0.0180776
2201.0 -0.0175642
2202.0 -0.0170641
2203.0 -0.0165793
2204.0 -0.0161108
2205.0 -0.0156595
2206.0 -0.0152241
2207.0 -0.0148006
2208.0 -0.0143875
2209.0 -0.0139895
2210.0 -0.0136078
2211.0 -0.0132378
2212.0 -0.0128764
2213.0 -0.0125259
2214.0 -0.0121877
2215.0 -0.0118603
2216.0 -0.0115443
2217.0 -0.0112378
2218.0 -0.0109396
2219.0 -0.0106525
2220.0 -0.0103742
2221.0 -0.0101038
2222.0 -0.00983817
2223.0 -0.00958214
2224.0 -0.00933608
2225.0 -0.00909654
2226.0 -0.008864
2227.0 -0.00863699
2228.0 -0.00841854
2229.0 -0.00820831
2230.0 -0.00800294
2231.0 -0.00780153
2232.0 -0.00760725
2233.0 -0.00742113
2234.0 -0.00723874
2235.0 -0.00706075
2236.0 -0.00688789
2237.0 -0.00672074
2238.0 -0.00655859
2239.0 -0.00639942
2240.0 -0.00624556
2241.0 -0.0060972
2242.0 -0.00595388
2243.0 -0.00581321
2244.0 -0.00567445
2245.0 -0.00554367
2246.0 -0.00541526
2247.0 -0.00528854
2248.0 -0.00516509
2249.0 -0.00504719
2250.0 -0.004932
2251.0 -0.00481784
2252.0 -0.00470945
2253.0 -0.00460264
2254.0 -0.0045009
2255.0 -0.00439784
2256.0 -0.00430049
2257.0 -0.00420422
2258.0 -0.00411153
2259.0 -0.00402101
2260.0 -0.00393367
2261.0 -0.00384756
2262.0 -0.0037643
2263.0 -0.00368289
2264.0 -0.00360504
2265.0 -0.00352793
2266.0 -0.00345163
2267.0 -0.00337861
2268.0 -0.00330702
2269.0 -0.00323929
2270.0 -0.00317117
2271.0 -0.00310301
2272.0 -0.00303989
2273.0 -0.00297544
2274.0 -0.00291409
2275.0 -0.00285622
2276.0 -0.00279714
2277.0 -0.00274059
2278.0 -0.00268704
2279.0 -0.00263285
2280.0 -0.00257874
2281.0 -0.00252724
2282.0 -0.0024775
2283.0 -0.00242811
2284.0 -0.00238063
2285.0 -0.00233455
2286.0 -0.00228762
2287.0 -0.00224293
2288.0 -0.00220113
2289.0 -0.00215781
2290.0 -0.00211531
2291.0 -0.0020755
2292.0 -0.00203604
2293.0 -0.00199749
2294.0 -0.00195986
2295.0 -0.00192349
2296.0 -0.00188829
2297.0 -0.00185239
2298.0 -0.00181776
2299.0 -0.00178441
2300.0 -0.001752
2301.0 -0.00171999
2302.0 -0.00168829
2303.0 -0.00165704
2304.0 -0.00162864
2305.0 -0.00159959
2306.0 -0.00156961
2307.0 -0.00154296
2308.0 -0.00151492
2309.0 -0.0014875
2310.0 -0.00146018
2311.0 -0.00143487
2312.0 -0.00141135
2313.0 -0.00138607
2314.0 -0.00136155
2315.0 -0.00133949
2316.0 -0.00131583
2317.0 -0.00129257
2318.0 -0.00127078
2319.0 -0.00124879
2320.0 -0.00122799
2321.0 -0.00120734
2322.0 -0.00118688
2323.0 -0.001167
2324.0 -0.00114875
2325.0 -0.00113136
2326.0 -0.00111116
2327.0 -0.00109225
2328.0 -0.0010747
2329.0 -0.00105753
2330.0 -0.00104121
2331.0 -0.00102441
2332.0 -0.00100563
2333.0 -0.000990532
2334.0 -0.000973769
2335.0 -0.000960724
2336.0 -0.000945242
2337.0 -0.000929351
2338.0 -0.000915177
2339.0 -0.000900932
2340.0 -0.000886127
2341.0 -0.00087305
2342.0 -0.000860993
2343.0 -0.000846926
2344.0 -0.00083297
2345.0 -0.000820466
2346.0 -0.000807985
2347.0 -0.000796082
2348.0 -0.000785128
2349.0 -0.000774024
2350.0 -0.000760773
2351.0 -0.00074954
2352.0 -0.00074034
2353.0 -0.000726004
2354.0 -0.000716594
2355.0 -0.000705691
2356.0 -0.000696496
2357.0 -0.000685092
2358.0 -0.000674802
2359.0 -0.000666136
2360.0 -0.000658258
2361.0 -0.000647745
2362.0 -0.00063728
2363.0 -0.000628078
2364.0 -0.000619431
2365.0 -0.000612604
2366.0 -0.000603151
2367.0 -0.00059367
2368.0 -0.000586231
2369.0 -0.0005775
2370.0 -0.000570026
2371.0 -0.000563267
2372.0 -0.000555362
2373.0 -0.000548676
2374.0 -0.000540437
2375.0 -0.000531942
2376.0 -0.00052533
2377.0 -0.000516953
2378.0 -0.00051153
2379.0 -0.000504477
2380.0 -0.000497081
2381.0 -0.000491339
2382.0 -0.00048398
2383.0 -0.000477615
2384.0 -0.00047302
2385.0 -0.000466305
2386.0 -0.000460008
2387.0 -0.0004538
2388.0 -0.000447686
2389.0 -0.000443175
2390.0 -0.000436901
2391.0 -0.000431083
2392.0 -0.000425689
2393.0 -0.000419843
2394.0 -0.000414557
2395.0 -0.000409704
2396.0 -0.000405208
2397.0 -0.000399972
2398.0 -0.000395029
2399.0 -0.000390874
2400.0 -0.000385528
2401.0 -0.00038122
2402.0 -0.000377358
2403.0 -0.000373396
2404.0 -0.000369157
2405.0 -0.00036393
2406.0 -0.000359584
2407.0 -0.000356242
2408.0 -0.000352164
2409.0 -0.000347681
2410.0 -0.000344214
2411.0 -0.00034039
2412.0 -0.000336248
2413.0 -0.000332248
2414.0 -0.00032784
2415.0 -0.000324116
2416.0 -0.000320845
2417.0 -0.000316357
2418.0 -0.00031286
2419.0 -0.000310084
2420.0 -0.000306016
2421.0 -0.000302503
2422.0 -0.000299441
2423.0 -0.000296556
2424.0 -0.000294
2425.0 -0.000290284
2426.0 -0.000286854
2427.0 -0.000283672
2428.0 -0.000280893
2429.0 -0.000277969
2430.0 -0.00027503
2431.0 -0.000272381
2432.0 -0.000269999
2433.0 -0.000264761
2434.0 -0.000263662
2435.0 -0.000260325
2436.0 -0.000257856
2437.0 -0.000256263
2438.0 -0.000252414
2439.0 -0.000249729
2440.0 -0.000248244
2441.0 -0.000244886
2442.0 -0.000243123
2443.0 -0.000241804
2444.0 -0.0002399
2445.0 -0.00023624
2446.0 -0.000233336
2447.0 -0.000231963
2448.0 -0.000229901
2449.0 -0.00022769
2450.0 -0.000225003
2451.0 -0.00022259
2452.0 -0.000220571
2453.0 -0.000217997
2454.0 -0.000216116
2455.0 -0.000214251
2456.0 -0.000213146
2457.0 -0.000209375
2458.0 -0.000208964
2459.0 -0.000206467
2460.0 -0.000203624
2461.0 -0.000201953
2462.0 -0.000200848
2463.0 -0.000198578
2464.0 -0.00019628
2465.0 -0.000194263
2466.0 -0.000194346
2467.0 -0.000191054
2468.0 -0.000190285
2469.0 -0.000188116
2470.0 -0.000188262
